"time","device_id","Transversal","Longitudinal","Vertical","Hit"
2022-09-20 11:58:22.510,nrf-350916066833768,46.3,25.9,37.6,SAFE
2022-09-20 11:58:22.510,nrf-350916066833768,28.0,17.9,26.6,SAFE
2022-09-20 11:58:22.510,nrf-350916066833768,20.8,21.5,20.4,SAFE
2022-09-20 11:58:22.510,nrf-350916066833768,23.5,22.0,12.9,SAFE
2022-09-19 10:52:46.516,nrf-350916066833768,8.10,7.88,9.92,SAFE
2022-09-19 10:52:46.516,nrf-350916066833768,3.42,2.70,2.57,SAFE
2022-09-19 10:52:46.516,nrf-350916066833768,2.66,2.32,2.38,SAFE
2022-09-19 10:52:46.516,nrf-350916066833768,2.71,2.58,2.68,SAFE
2022-09-19 10:52:46.516,nrf-350916066833768,2.76,2.48,2.68,SAFE
2022-09-19 09:44:01.236,nrf-350916066833768,4.16,3.61,4.13,SAFE
2022-09-19 09:44:01.236,nrf-350916066833768,3.41,2.82,2.97,SAFE
2022-09-19 09:44:01.236,nrf-350916066833768,3.91,3.07,3.20,SAFE
2022-09-19 08:52:02.629,nrf-350916066833768,5.74,6.14,7.06,SAFE
2022-09-19 08:52:02.629,nrf-350916066833768,3.02,2.28,2.89,SAFE
2022-09-19 08:52:02.629,nrf-350916066833768,2.80,2.15,2.61,SAFE
2022-09-19 08:52:02.629,nrf-350916066833768,2.76,2.20,2.67,SAFE
2022-09-19 07:04:46.788,nrf-350916066833768,25.1,10.7,18.9,SAFE
2022-09-19 07:04:46.788,nrf-350916066833768,8.38,2.00,8.44,SAFE
2022-09-19 07:04:46.788,nrf-350916066833768,6.42,1.76,9.26,SAFE
2022-09-19 07:04:46.788,nrf-350916066833768,6.70,1.52,8.98,SAFE
2022-09-19 07:04:46.788,nrf-350916066833768,6.64,1.59,9.42,SAFE
2022-09-19 05:50:37.473,nrf-350916066833768,8.18,8.02,11.3,SAFE
2022-09-19 05:50:37.473,nrf-350916066833768,5.57,5.85,6.83,SAFE
2022-09-19 05:50:37.473,nrf-350916066833768,12.9,9.02,18.1,SAFE
2022-09-19 05:50:37.473,nrf-350916066833768,5.18,4.78,6.93,SAFE
2022-09-19 05:50:37.473,nrf-350916066833768,2.72,2.34,2.55,SAFE
2022-09-19 04:45:29.698,nrf-350916066833768,28.1,17.6,19.8,SAFE
2022-09-19 04:45:29.698,nrf-350916066833768,7.87,2.33,9.90,SAFE
2022-09-19 04:45:29.698,nrf-350916066833768,4.76,2.17,9.57,SAFE
2022-09-19 04:45:29.698,nrf-350916066833768,5.41,2.36,9.12,SAFE
2022-09-19 04:45:29.698,nrf-350916066833768,3.73,2.15,9.47,SAFE
2022-09-18 23:05:17.767,nrf-350916066833768,3.83,2.96,3.56,SAFE
2022-09-18 23:05:17.767,nrf-350916066833768,2.72,2.14,2.73,SAFE
2022-09-18 23:05:17.767,nrf-350916066833768,2.70,2.10,2.59,SAFE
2022-09-18 23:05:17.767,nrf-350916066833768,2.66,2.12,2.66,SAFE
2022-09-18 23:05:17.767,nrf-350916066833768,2.66,2.00,2.62,SAFE
2022-09-18 20:38:11.952,nrf-350916066833768,9.38,8.55,11.8,SAFE
2022-09-18 20:38:11.952,nrf-350916066833768,7.92,6.14,11.2,SAFE
2022-09-18 20:38:11.952,nrf-350916066833768,5.25,4.83,10.6,SAFE
2022-09-18 20:38:11.952,nrf-350916066833768,11.4,7.52,15.0,SAFE
2022-09-18 20:38:11.952,nrf-350916066833768,9.94,7.94,13.3,SAFE
2022-09-17 15:47:54.057,nrf-350916066833768,16.2,7.19,15.7,SAFE
2022-09-17 15:47:54.057,nrf-350916066833768,5.66,3.21,9.34,SAFE
2022-09-17 15:47:54.057,nrf-350916066833768,6.60,2.75,9.10,SAFE
2022-09-17 15:47:54.057,nrf-350916066833768,7.27,2.12,9.12,SAFE
2022-09-17 15:47:54.057,nrf-350916066833768,4.85,1.87,10.3,SAFE
2022-09-17 15:19:08.170,nrf-350916066833768,6.95,6.27,7.91,SAFE
2022-09-17 15:19:08.170,nrf-350916066833768,2.58,2.18,2.47,SAFE
2022-09-17 15:19:08.170,nrf-350916066833768,2.58,2.10,2.70,SAFE
2022-09-17 15:19:08.170,nrf-350916066833768,2.73,2.17,2.59,SAFE
2022-09-17 15:19:08.170,nrf-350916066833768,2.57,2.01,2.76,SAFE
2022-09-17 14:56:38.878,nrf-350916066833768,17.8,11.2,28.4,SAFE
2022-09-17 14:56:38.878,nrf-350916066833768,18.5,12.8,21.5,SAFE
2022-09-17 14:56:38.878,nrf-350916066833768,12.8,12.7,25.8,SAFE
2022-09-17 14:56:38.878,nrf-350916066833768,19.6,13.2,22.4,SAFE
2022-09-17 14:56:38.878,nrf-350916066833768,17.3,13.8,24.3,SAFE
2022-09-17 14:16:26.467,nrf-350916066833768,3.58,3.65,5.26,SAFE
2022-09-17 14:16:26.467,nrf-350916066833768,6.15,5.34,8.87,SAFE
2022-09-17 14:16:26.467,nrf-350916066833768,6.54,5.82,9.44,SAFE
2022-09-17 14:16:26.467,nrf-350916066833768,6.72,5.77,7.15,SAFE
2022-09-17 14:16:26.467,nrf-350916066833768,2.59,2.26,2.73,SAFE
2022-09-17 14:02:18.020,nrf-350916066833768,5.93,5.35,15.0,SAFE
2022-09-17 14:02:18.020,nrf-350916066833768,8.11,4.89,18.0,SAFE
2022-09-17 14:02:18.020,nrf-350916066833768,7.79,5.01,17.9,SAFE
2022-09-17 14:02:18.020,nrf-350916066833768,8.89,5.93,20.9,SAFE
2022-09-17 14:02:18.020,nrf-350916066833768,9.34,5.85,15.8,SAFE
2022-09-17 13:48:29.694,nrf-350916066833768,5.05,5.17,7.68,SAFE
2022-09-17 13:48:29.694,nrf-350916066833768,4.63,4.61,5.58,SAFE
2022-09-17 13:48:29.694,nrf-350916066833768,5.67,6.33,10.4,SAFE
2022-09-17 13:48:29.694,nrf-350916066833768,7.16,9.42,11.2,SAFE
2022-09-17 13:48:29.694,nrf-350916066833768,6.02,6.46,9.13,SAFE
2022-09-17 13:16:38.570,nrf-350916066833768,9.00,4.89,14.6,SAFE
2022-09-17 13:16:38.570,nrf-350916066833768,1.47,0.632,9.43,SAFE
2022-09-17 13:16:38.570,nrf-350916066833768,1.42,0.727,9.19,SAFE
2022-09-17 13:16:38.570,nrf-350916066833768,1.42,0.865,9.14,SAFE
2022-09-17 13:16:38.570,nrf-350916066833768,1.35,0.806,9.28,SAFE
2022-09-17 13:02:44.845,nrf-350916066833768,5.90,6.01,8.01,SAFE
2022-09-17 13:02:44.845,nrf-350916066833768,5.39,6.40,7.67,SAFE
2022-09-17 13:02:44.845,nrf-350916066833768,6.08,6.51,7.76,SAFE
2022-09-17 13:02:44.845,nrf-350916066833768,5.79,6.42,7.56,SAFE
2022-09-17 13:02:44.845,nrf-350916066833768,5.12,5.68,7.52,SAFE
2022-09-17 12:48:02.105,nrf-350916066833768,10.0,5.08,13.2,SAFE
2022-09-17 12:48:02.105,nrf-350916066833768,9.22,4.45,23.8,SAFE
2022-09-17 12:48:02.105,nrf-350916066833768,5.58,3.91,15.3,SAFE
2022-09-17 12:48:02.105,nrf-350916066833768,7.47,5.63,18.3,SAFE
2022-09-17 12:48:02.105,nrf-350916066833768,9.91,5.33,18.6,SAFE
2022-09-17 12:17:19.963,nrf-350916066833768,5.20,5.92,8.98,SAFE
2022-09-17 12:17:19.963,nrf-350916066833768,2.44,2.36,2.70,SAFE
2022-09-17 12:17:19.963,nrf-350916066833768,2.69,2.20,2.71,SAFE
2022-09-17 12:17:19.963,nrf-350916066833768,2.65,2.14,2.57,SAFE
2022-09-17 12:17:19.963,nrf-350916066833768,2.66,2.15,2.67,SAFE
2022-09-17 12:01:32.141,nrf-350916066833768,21.2,23.5,29.9,SAFE
2022-09-17 12:01:32.141,nrf-350916066833768,19.5,14.4,33.3,SAFE
2022-09-17 12:01:32.141,nrf-350916066833768,18.9,21.5,32.6,SAFE
2022-09-17 12:01:32.141,nrf-350916066833768,19.0,24.4,32.9,SAFE
2022-09-17 12:01:32.141,nrf-350916066833768,35.9,19.8,34.0,SAFE
2022-09-17 11:48:25.163,nrf-350916066833768,4.93,4.59,9.38,SAFE
2022-09-17 11:48:25.163,nrf-350916066833768,5.48,5.22,7.61,SAFE
2022-09-17 11:48:25.163,nrf-350916066833768,7.08,5.18,12.6,SAFE
2022-09-17 11:48:25.163,nrf-350916066833768,3.94,3.76,6.94,SAFE
2022-09-17 11:48:25.163,nrf-350916066833768,5.53,6.16,8.24,SAFE
2022-09-17 11:17:12.540,nrf-350916066833768,11.0,6.40,19.3,SAFE
2022-09-17 11:17:12.540,nrf-350916066833768,4.08,2.31,10.4,SAFE
2022-09-17 11:17:12.540,nrf-350916066833768,3.73,1.55,8.74,SAFE
2022-09-17 11:17:12.540,nrf-350916066833768,3.45,1.47,9.48,SAFE
2022-09-17 11:17:12.540,nrf-350916066833768,4.04,1.07,8.82,SAFE
2022-09-17 11:00:04.592,nrf-350916066833768,7.27,7.83,7.65,SAFE
2022-09-17 11:00:04.592,nrf-350916066833768,5.40,6.48,6.82,SAFE
2022-09-17 11:00:04.592,nrf-350916066833768,6.13,5.77,7.24,SAFE
2022-09-17 11:00:04.592,nrf-350916066833768,3.60,3.88,3.98,SAFE
2022-09-17 11:00:04.592,nrf-350916066833768,2.76,2.12,2.38,SAFE
2022-09-17 10:19:29.203,nrf-350916066833768,5.94,3.22,9.83,SAFE
2022-09-17 10:19:29.203,nrf-350916066833768,6.53,5.65,10.9,SAFE
2022-09-17 10:19:29.203,nrf-350916066833768,9.80,4.39,19.4,SAFE
2022-09-17 10:19:29.203,nrf-350916066833768,11.3,6.34,16.2,SAFE
2022-09-17 10:19:29.203,nrf-350916066833768,11.9,7.00,19.7,SAFE
2022-09-17 09:52:28.882,nrf-350916066833768,6.91,6.95,7.36,SAFE
2022-09-17 09:52:28.882,nrf-350916066833768,7.39,8.41,9.83,SAFE
2022-09-17 09:52:28.882,nrf-350916066833768,8.27,8.23,11.1,SAFE
2022-09-17 09:52:28.882,nrf-350916066833768,5.23,5.78,6.22,SAFE
2022-09-17 09:52:28.882,nrf-350916066833768,2.64,2.34,2.58,SAFE
2022-09-17 09:40:31.691,nrf-350916066833768,5.90,3.52,10.3,SAFE
2022-09-17 09:40:31.691,nrf-350916066833768,5.08,1.19,9.66,SAFE
2022-09-17 09:40:31.691,nrf-350916066833768,4.34,1.18,9.18,SAFE
2022-09-17 09:40:31.691,nrf-350916066833768,3.63,0.899,9.18,SAFE
2022-09-17 09:40:31.691,nrf-350916066833768,3.84,0.852,9.67,SAFE
2022-09-17 09:18:15.530,nrf-350916066833768,7.80,7.60,6.86,SAFE
2022-09-17 09:18:15.530,nrf-350916066833768,2.65,2.13,2.41,SAFE
2022-09-17 09:18:15.530,nrf-350916066833768,2.57,2.16,2.61,SAFE
2022-09-17 09:18:15.530,nrf-350916066833768,2.50,2.25,2.76,SAFE
2022-09-17 09:18:15.530,nrf-350916066833768,2.59,2.00,2.50,SAFE
2022-09-17 08:58:49.512,nrf-350916066833768,20.4,11.9,14.9,SAFE
2022-09-17 08:58:49.512,nrf-350916066833768,17.4,9.11,14.8,SAFE
2022-09-17 08:58:49.512,nrf-350916066833768,10.3,4.95,13.1,SAFE
2022-09-17 08:58:49.512,nrf-350916066833768,1.53,0.701,9.00,SAFE
2022-09-17 08:58:49.512,nrf-350916066833768,1.05,0.500,9.05,SAFE
2022-09-17 08:30:47.838,nrf-350916066833768,16.3,13.5,17.8,SAFE
2022-09-17 08:30:47.838,nrf-350916066833768,10.7,9.00,15.2,SAFE
2022-09-17 08:30:47.838,nrf-350916066833768,3.00,3.02,3.41,SAFE
2022-09-17 08:30:47.838,nrf-350916066833768,2.69,2.12,2.75,SAFE
2022-09-17 08:30:47.838,nrf-350916066833768,2.77,2.07,2.49,SAFE
2022-09-17 07:57:54.117,nrf-350916066833768,18.1,10.8,20.4,SAFE
2022-09-17 07:57:54.117,nrf-350916066833768,19.1,12.5,18.5,SAFE
2022-09-17 07:57:54.117,nrf-350916066833768,11.7,9.27,24.5,SAFE
2022-09-17 07:57:54.117,nrf-350916066833768,1.65,0.707,8.95,SAFE
2022-09-17 07:57:54.117,nrf-350916066833768,1.34,0.595,9.00,SAFE
2022-09-17 07:23:21.358,nrf-350916066833768,3.43,2.55,5.87,SAFE
2022-09-17 07:23:21.358,nrf-350916066833768,3.43,3.18,4.83,SAFE
2022-09-17 07:23:21.358,nrf-350916066833768,5.13,4.47,6.31,SAFE
2022-09-17 07:23:21.358,nrf-350916066833768,4.72,4.48,5.85,SAFE
2022-09-17 07:23:21.358,nrf-350916066833768,2.59,2.40,2.81,SAFE
2022-09-17 06:24:44.369,nrf-350916066833768,6.50,5.72,13.9,SAFE
2022-09-17 06:24:44.369,nrf-350916066833768,6.39,3.87,12.4,SAFE
2022-09-17 06:24:44.369,nrf-350916066833768,6.01,4.38,11.6,SAFE
2022-09-17 06:24:44.369,nrf-350916066833768,5.94,5.63,13.8,SAFE
2022-09-17 06:24:44.369,nrf-350916066833768,11.1,8.21,14.8,SAFE
2022-09-17 05:47:53.278,nrf-350916066833768,4.21,3.63,5.74,SAFE
2022-09-17 05:47:53.278,nrf-350916066833768,4.74,4.05,7.50,SAFE
2022-09-17 05:47:53.278,nrf-350916066833768,5.11,4.41,8.24,SAFE
2022-09-17 05:47:53.278,nrf-350916066833768,4.05,3.34,4.84,SAFE
2022-09-17 05:47:53.278,nrf-350916066833768,3.80,3.46,5.40,SAFE
2022-09-17 03:50:09.764,nrf-350916066833768,3.09,2.40,10.2,SAFE
2022-09-17 03:50:09.764,nrf-350916066833768,4.43,3.37,12.1,SAFE
2022-09-17 03:50:09.764,nrf-350916066833768,5.58,3.97,10.5,SAFE
2022-09-17 03:50:09.764,nrf-350916066833768,3.25,1.43,9.63,SAFE
2022-09-17 03:50:09.764,nrf-350916066833768,3.98,2.15,10.4,SAFE
2022-09-17 01:29:52.081,nrf-350916066833768,3.62,3.53,3.91,SAFE
2022-09-17 01:29:52.081,nrf-350916066833768,3.40,2.80,4.00,SAFE
2022-09-17 01:29:52.081,nrf-350916066833768,2.76,2.16,2.57,SAFE
2022-09-17 01:29:52.081,nrf-350916066833768,2.62,2.25,2.61,SAFE
2022-09-17 01:29:52.081,nrf-350916066833768,2.49,2.07,2.73,SAFE
2022-09-16 22:21:45.304,nrf-350916066833768,12.8,9.40,14.8,SAFE
2022-09-16 22:21:45.304,nrf-350916066833768,2.19,1.08,8.94,SAFE
2022-09-16 22:21:45.304,nrf-350916066833768,1.94,1.15,9.05,SAFE
2022-09-16 22:21:45.304,nrf-350916066833768,1.31,0.580,9.03,SAFE
2022-09-16 22:21:45.304,nrf-350916066833768,0.887,0.535,8.95,SAFE
2022-09-16 21:22:19.082,nrf-350916066833768,3.70,3.27,4.07,SAFE
2022-09-16 21:22:19.082,nrf-350916066833768,3.06,2.56,3.38,SAFE
2022-09-16 21:22:19.082,nrf-350916066833768,3.15,2.54,3.44,SAFE
2022-09-16 21:22:19.082,nrf-350916066833768,2.89,2.54,3.49,SAFE
2022-09-16 21:22:19.082,nrf-350916066833768,4.06,3.66,5.10,SAFE
2022-09-16 20:34:08.447,nrf-350916066833768,21.9,16.4,28.3,SAFE
2022-09-16 20:34:08.447,nrf-350916066833768,21.5,24.3,27.7,SAFE
2022-09-16 20:34:08.447,nrf-350916066833768,22.8,18.9,24.8,SAFE
2022-09-16 20:34:08.447,nrf-350916066833768,2.53,1.42,9.51,SAFE
2022-09-16 20:34:08.447,nrf-350916066833768,3.02,1.12,9.11,SAFE
2022-09-16 20:18:31.011,nrf-350916066833768,7.08,8.79,7.71,SAFE
2022-09-16 20:18:31.011,nrf-350916066833768,6.96,8.09,7.65,SAFE
2022-09-16 20:18:31.011,nrf-350916066833768,6.37,6.89,7.21,SAFE
2022-09-16 20:18:31.011,nrf-350916066833768,7.06,8.49,8.70,SAFE
2022-09-16 20:18:31.011,nrf-350916066833768,8.58,8.20,10.3,SAFE
2022-09-16 19:17:40.482,nrf-350916066833768,6.76,7.91,9.95,SAFE
2022-09-16 19:17:40.482,nrf-350916066833768,10.1,10.9,14.5,SAFE
2022-09-16 19:17:40.482,nrf-350916066833768,7.32,8.81,10.4,SAFE
2022-09-16 18:43:23.403,nrf-350916066833768,16.6,10.5,19.0,SAFE
2022-09-16 18:43:23.403,nrf-350916066833768,7.64,3.52,11.1,SAFE
2022-09-16 18:43:23.403,nrf-350916066833768,5.79,2.41,9.99,SAFE
2022-09-16 18:43:23.403,nrf-350916066833768,4.93,2.17,9.59,SAFE
2022-09-16 18:43:23.403,nrf-350916066833768,4.38,1.56,9.01,SAFE
2022-09-16 18:30:40.801,nrf-350916066833768,2.82,2.52,3.14,SAFE
2022-09-16 18:30:40.801,nrf-350916066833768,2.61,2.17,2.19,SAFE
2022-09-16 18:30:40.801,nrf-350916066833768,2.61,2.11,2.25,SAFE
2022-09-16 18:30:40.801,nrf-350916066833768,2.52,2.18,2.40,SAFE
2022-09-16 18:30:40.801,nrf-350916066833768,2.87,2.09,2.41,SAFE
2022-09-16 18:17:38.557,nrf-350916066833768,6.11,4.43,12.0,SAFE
2022-09-16 18:17:38.557,nrf-350916066833768,9.04,5.84,16.2,SAFE
2022-09-16 18:17:38.557,nrf-350916066833768,8.70,5.14,19.0,SAFE
2022-09-16 18:17:38.557,nrf-350916066833768,13.7,10.1,18.7,SAFE
2022-09-16 18:17:38.557,nrf-350916066833768,8.64,5.51,17.2,SAFE
2022-09-16 17:58:54.788,nrf-350916066833768,4.69,5.44,5.74,SAFE
2022-09-16 17:58:54.788,nrf-350916066833768,4.05,4.07,4.98,SAFE
2022-09-16 17:58:54.788,nrf-350916066833768,4.87,4.76,5.13,SAFE
2022-09-16 17:58:54.788,nrf-350916066833768,4.08,4.35,4.36,SAFE
2022-09-16 17:58:54.788,nrf-350916066833768,4.85,5.53,5.76,SAFE
2022-09-16 17:44:44.468,nrf-350916066833768,9.88,9.03,17.0,SAFE
2022-09-16 17:44:44.468,nrf-350916066833768,11.4,9.60,20.3,SAFE
2022-09-16 17:44:44.468,nrf-350916066833768,9.00,11.5,16.5,SAFE
2022-09-16 17:44:44.468,nrf-350916066833768,10.2,11.7,27.2,SAFE
2022-09-16 17:44:44.468,nrf-350916066833768,9.88,7.39,21.6,SAFE
2022-09-16 17:12:35.666,nrf-350916066833768,7.78,6.33,9.07,SAFE
2022-09-16 17:12:35.666,nrf-350916066833768,4.59,5.38,6.66,SAFE
2022-09-16 17:12:35.666,nrf-350916066833768,7.67,6.33,8.06,SAFE
2022-09-16 17:12:35.666,nrf-350916066833768,4.21,4.64,5.37,SAFE
2022-09-16 17:12:35.666,nrf-350916066833768,6.95,5.63,7.24,SAFE
2022-09-16 16:54:21.409,nrf-350916066833768,15.2,11.1,21.2,SAFE
2022-09-16 16:54:21.409,nrf-350916066833768,6.70,2.48,10.7,SAFE
2022-09-16 16:54:21.409,nrf-350916066833768,6.44,2.12,10.3,SAFE
2022-09-16 16:54:21.409,nrf-350916066833768,6.43,2.16,11.1,SAFE
2022-09-16 16:54:21.409,nrf-350916066833768,5.44,1.83,9.43,SAFE
2022-09-16 13:25:22.446,nrf-350916066833768,6.95,8.30,8.40,SAFE
2022-09-16 13:25:22.446,nrf-350916066833768,7.00,8.13,7.78,SAFE
2022-09-16 13:25:22.446,nrf-350916066833768,3.14,3.21,2.91,SAFE
2022-09-16 13:25:22.446,nrf-350916066833768,3.18,2.25,1.91,SAFE
2022-09-16 13:25:22.446,nrf-350916066833768,3.03,2.24,2.21,SAFE
2022-09-16 13:13:02.120,nrf-350916066833768,14.9,11.4,19.1,SAFE
2022-09-16 13:13:02.120,nrf-350916066833768,18.9,19.3,25.5,SAFE
2022-09-16 13:13:02.120,nrf-350916066833768,17.5,10.6,20.3,SAFE
2022-09-16 13:13:02.120,nrf-350916066833768,14.9,17.0,22.0,SAFE
2022-09-16 13:13:02.120,nrf-350916066833768,16.5,13.4,18.8,SAFE
2022-09-16 12:59:32.166,nrf-350916066833768,8.37,9.52,11.3,SAFE
2022-09-16 12:59:32.166,nrf-350916066833768,8.33,9.71,10.8,SAFE
2022-09-16 12:59:32.166,nrf-350916066833768,7.58,9.58,11.7,SAFE
2022-09-16 12:59:32.166,nrf-350916066833768,12.0,11.1,14.0,SAFE
2022-09-16 12:59:32.166,nrf-350916066833768,8.62,9.60,10.4,SAFE
2022-09-16 12:30:29.285,nrf-350916066833768,9.94,10.0,11.3,SAFE
2022-09-16 12:30:29.285,nrf-350916066833768,9.15,10.8,13.5,SAFE
2022-09-16 12:30:29.285,nrf-350916066833768,9.43,10.3,11.4,SAFE
2022-09-16 12:30:29.285,nrf-350916066833768,3.47,3.68,4.53,SAFE
2022-09-16 12:30:29.285,nrf-350916066833768,2.95,2.25,2.16,SAFE
2022-09-16 11:28:00.885,nrf-350916066833768,20.0,16.0,24.0,SAFE
2022-09-16 11:28:00.885,nrf-350916066833768,17.6,16.2,26.9,SAFE
2022-09-16 11:28:00.885,nrf-350916066833768,24.7,19.6,25.8,SAFE
2022-09-16 11:28:00.885,nrf-350916066833768,6.69,3.38,10.2,SAFE
2022-09-16 11:28:00.885,nrf-350916066833768,2.07,0.804,9.44,SAFE
2022-09-16 09:20:08.909,nrf-350916066833768,7.83,8.64,8.63,SAFE
2022-09-16 09:20:08.909,nrf-350916066833768,2.59,2.13,2.39,SAFE
2022-09-16 09:20:08.909,nrf-350916066833768,2.73,2.19,2.30,SAFE
2022-09-16 09:20:08.909,nrf-350916066833768,2.71,2.17,2.37,SAFE
2022-09-16 09:20:08.909,nrf-350916066833768,2.60,2.19,2.23,SAFE
2022-09-16 08:52:44.497,nrf-350916066833768,10.7,6.33,13.8,SAFE
2022-09-16 08:52:44.497,nrf-350916066833768,14.6,8.32,15.9,SAFE
2022-09-16 08:52:44.497,nrf-350916066833768,5.39,1.96,10.2,SAFE
2022-09-16 08:52:44.497,nrf-350916066833768,4.66,1.27,9.19,SAFE
2022-09-16 08:52:44.497,nrf-350916066833768,3.93,0.928,8.53,SAFE
2022-09-16 08:30:43.833,nrf-350916066833768,14.7,15.2,17.3,SAFE
2022-09-16 08:30:43.833,nrf-350916066833768,8.52,10.9,9.95,SAFE
2022-09-16 08:30:43.833,nrf-350916066833768,7.10,7.90,12.6,SAFE
2022-09-16 08:30:43.833,nrf-350916066833768,2.97,2.43,2.72,SAFE
2022-09-16 08:30:43.833,nrf-350916066833768,2.72,2.31,2.27,SAFE
2022-09-16 08:09:07.633,nrf-350916066833768,4.34,4.69,10.2,SAFE
2022-09-16 08:09:07.633,nrf-350916066833768,3.92,1.72,8.96,SAFE
2022-09-16 08:09:07.633,nrf-350916066833768,4.73,1.44,10.7,SAFE
2022-09-16 08:09:07.633,nrf-350916066833768,4.22,4.28,10.5,SAFE
2022-09-16 08:09:07.633,nrf-350916066833768,4.47,1.93,9.98,SAFE
2022-09-16 07:21:11.753,nrf-350916066833768,3.93,4.24,6.99,SAFE
2022-09-16 07:21:11.753,nrf-350916066833768,2.70,2.12,2.19,SAFE
2022-09-16 07:21:11.753,nrf-350916066833768,2.88,2.11,2.38,SAFE
2022-09-16 07:21:11.753,nrf-350916066833768,2.72,2.08,2.37,SAFE
2022-09-16 07:21:11.753,nrf-350916066833768,2.68,2.36,2.46,SAFE
2022-09-16 07:02:44.105,nrf-350916066833768,21.9,15.3,20.5,SAFE
2022-09-16 07:02:44.105,nrf-350916066833768,19.7,12.6,17.4,SAFE
2022-09-16 07:02:44.105,nrf-350916066833768,23.0,15.8,20.9,SAFE
2022-09-16 07:02:44.105,nrf-350916066833768,23.5,14.7,19.4,SAFE
2022-09-16 07:02:44.105,nrf-350916066833768,19.1,6.85,10.3,SAFE
2022-09-16 06:49:26.844,nrf-350916066833768,16.6,18.4,16.2,SAFE
2022-09-16 06:49:26.844,nrf-350916066833768,2.92,2.52,2.64,SAFE
2022-09-16 06:49:26.844,nrf-350916066833768,2.67,2.18,2.56,SAFE
2022-09-16 06:49:26.844,nrf-350916066833768,2.80,2.30,2.29,SAFE
2022-09-16 06:49:26.844,nrf-350916066833768,2.60,2.10,2.19,SAFE
2022-09-16 06:18:36.106,nrf-350916066833768,9.52,4.89,13.3,SAFE
2022-09-16 06:18:36.106,nrf-350916066833768,3.75,1.11,9.92,SAFE
2022-09-16 06:18:36.106,nrf-350916066833768,2.34,1.14,9.06,SAFE
2022-09-16 06:18:36.106,nrf-350916066833768,2.54,0.759,8.57,SAFE
2022-09-16 06:18:36.106,nrf-350916066833768,2.03,0.906,9.22,SAFE
2022-09-16 05:55:40.433,nrf-350916066833768,7.63,7.19,8.08,SAFE
2022-09-16 05:55:40.433,nrf-350916066833768,6.94,8.59,8.23,SAFE
2022-09-16 05:55:40.433,nrf-350916066833768,9.44,11.2,11.7,SAFE
2022-09-16 05:55:40.433,nrf-350916066833768,6.53,7.94,7.97,SAFE
2022-09-16 05:55:40.433,nrf-350916066833768,6.33,8.13,7.43,SAFE
2022-09-16 02:08:54.445,nrf-350916066833768,2.91,1.07,9.76,SAFE
2022-09-16 02:08:54.445,nrf-350916066833768,0.482,0.525,8.88,SAFE
2022-09-16 02:08:54.445,nrf-350916066833768,0.362,0.318,8.97,SAFE
2022-09-16 02:08:54.445,nrf-350916066833768,0.427,0.358,8.99,SAFE
2022-09-16 02:08:54.445,nrf-350916066833768,0.341,0.390,8.97,SAFE
2022-09-15 23:55:25.981,nrf-350916066833768,4.57,4.12,5.84,SAFE
2022-09-15 23:55:25.981,nrf-350916066833768,3.68,3.44,3.78,SAFE
2022-09-15 23:55:25.981,nrf-350916066833768,3.68,3.34,4.01,SAFE
2022-09-15 23:55:25.981,nrf-350916066833768,3.86,3.93,3.81,SAFE
2022-09-15 23:55:25.981,nrf-350916066833768,4.81,4.64,5.70,SAFE
2022-09-15 23:18:27.576,nrf-350916066833768,15.8,17.3,23.6,SAFE
2022-09-15 23:18:27.576,nrf-350916066833768,22.2,13.4,21.1,SAFE
2022-09-15 23:18:27.576,nrf-350916066833768,20.3,11.0,19.1,SAFE
2022-09-15 23:18:27.576,nrf-350916066833768,1.39,0.786,9.21,SAFE
2022-09-15 23:18:27.576,nrf-350916066833768,1.45,0.808,8.95,SAFE
2022-09-15 22:48:35.647,nrf-350916066833768,4.87,4.47,5.22,SAFE
2022-09-15 22:48:35.647,nrf-350916066833768,6.15,6.59,6.83,SAFE
2022-09-15 22:48:35.647,nrf-350916066833768,4.90,5.25,5.66,SAFE
2022-09-15 22:48:35.647,nrf-350916066833768,12.3,10.4,12.4,SAFE
2022-09-15 22:48:35.647,nrf-350916066833768,2.77,2.38,2.58,SAFE
2022-09-15 22:13:53.904,nrf-350916066833768,4.11,3.13,11.5,SAFE
2022-09-15 22:13:53.904,nrf-350916066833768,8.38,9.84,14.8,SAFE
2022-09-15 22:13:53.904,nrf-350916066833768,2.73,2.37,10.2,SAFE
2022-09-15 22:13:53.904,nrf-350916066833768,4.28,1.90,10.7,SAFE
2022-09-15 22:13:53.904,nrf-350916066833768,3.46,2.98,10.2,SAFE
2022-09-15 21:52:18.610,nrf-350916066833768,6.71,6.49,8.47,SAFE
2022-09-15 21:52:18.610,nrf-350916066833768,6.34,6.88,9.82,SAFE
2022-09-15 21:52:18.610,nrf-350916066833768,7.42,8.71,12.6,SAFE
2022-09-15 21:52:18.610,nrf-350916066833768,15.1,18.6,12.7,SAFE
2022-09-15 21:52:18.610,nrf-350916066833768,14.0,13.1,11.2,SAFE
2022-09-15 21:17:44.165,nrf-350916066833768,8.60,4.11,13.6,SAFE
2022-09-15 21:17:44.165,nrf-350916066833768,8.19,5.10,14.1,SAFE
2022-09-15 21:17:44.165,nrf-350916066833768,9.37,7.08,21.1,SAFE
2022-09-15 21:17:44.165,nrf-350916066833768,1.27,0.471,8.85,SAFE
2022-09-15 21:17:44.165,nrf-350916066833768,1.30,0.586,8.97,SAFE
2022-09-15 21:04:04.637,nrf-350916066833768,6.89,8.92,9.99,SAFE
2022-09-15 21:04:04.637,nrf-350916066833768,7.84,9.71,10.7,SAFE
2022-09-15 21:04:04.637,nrf-350916066833768,7.65,8.73,10.7,SAFE
2022-09-15 21:04:04.637,nrf-350916066833768,8.39,9.16,10.7,SAFE
2022-09-15 21:04:04.637,nrf-350916066833768,8.30,9.01,10.4,SAFE
2022-09-15 20:47:46.621,nrf-350916066833768,7.90,4.80,17.8,SAFE
2022-09-15 20:47:46.621,nrf-350916066833768,7.60,4.84,15.7,SAFE
2022-09-15 20:47:46.621,nrf-350916066833768,9.30,5.84,13.9,SAFE
2022-09-15 20:47:46.621,nrf-350916066833768,14.4,9.92,20.8,SAFE
2022-09-15 20:47:46.621,nrf-350916066833768,2.04,0.997,8.98,SAFE
2022-09-15 20:19:02.705,nrf-350916066833768,3.68,4.00,5.66,SAFE
2022-09-15 20:19:02.705,nrf-350916066833768,11.5,10.3,9.32,SAFE
2022-09-15 20:19:02.705,nrf-350916066833768,6.05,7.27,6.79,SAFE
2022-09-15 20:19:02.705,nrf-350916066833768,2.84,2.60,2.79,SAFE
2022-09-15 20:19:02.705,nrf-350916066833768,2.84,2.34,2.67,SAFE
2022-09-15 19:51:32.154,nrf-350916066833768,8.45,6.75,14.4,SAFE
2022-09-15 19:51:32.154,nrf-350916066833768,8.80,5.88,14.0,SAFE
2022-09-15 19:51:32.154,nrf-350916066833768,5.64,2.49,8.93,SAFE
2022-09-15 19:51:32.154,nrf-350916066833768,4.12,1.81,9.57,SAFE
2022-09-15 19:51:32.154,nrf-350916066833768,5.12,1.44,9.45,SAFE
2022-09-15 19:18:15.997,nrf-350916066833768,4.48,6.02,9.05,SAFE
2022-09-15 19:18:15.997,nrf-350916066833768,4.73,5.58,6.43,SAFE
2022-09-15 19:18:15.997,nrf-350916066833768,3.97,4.41,4.96,SAFE
2022-09-15 19:18:15.997,nrf-350916066833768,5.54,6.25,7.67,SAFE
2022-09-15 19:18:15.997,nrf-350916066833768,6.35,6.61,9.12,SAFE
2022-09-15 19:04:48.916,nrf-350916066833768,12.8,8.81,15.3,SAFE
2022-09-15 19:04:48.916,nrf-350916066833768,18.3,11.2,14.0,SAFE
2022-09-15 19:04:48.916,nrf-350916066833768,2.47,1.79,9.53,SAFE
2022-09-15 19:04:48.916,nrf-350916066833768,1.39,0.760,9.01,SAFE
2022-09-15 19:04:48.916,nrf-350916066833768,0.969,0.497,9.04,SAFE
2022-09-15 18:12:41.908,nrf-350916066833768,5.41,5.69,7.19,SAFE
2022-09-15 18:12:41.908,nrf-350916066833768,4.77,5.93,7.90,SAFE
2022-09-15 18:12:41.908,nrf-350916066833768,5.49,5.97,8.62,SAFE
2022-09-15 18:12:41.908,nrf-350916066833768,5.34,5.75,8.76,SAFE
2022-09-15 18:12:41.908,nrf-350916066833768,5.51,5.76,7.91,SAFE
2022-09-15 17:52:19.308,nrf-350916066833768,8.97,6.85,16.1,SAFE
2022-09-15 17:52:19.308,nrf-350916066833768,19.0,13.4,24.1,SAFE
2022-09-15 17:52:19.308,nrf-350916066833768,7.41,2.29,11.3,SAFE
2022-09-15 17:52:19.308,nrf-350916066833768,4.64,2.22,9.60,SAFE
2022-09-15 17:52:19.308,nrf-350916066833768,4.11,1.85,9.18,SAFE
2022-09-15 17:35:11.434,nrf-350916066833768,3.82,4.96,5.39,SAFE
2022-09-15 17:35:11.434,nrf-350916066833768,3.80,3.60,4.36,SAFE
2022-09-15 17:35:11.434,nrf-350916066833768,4.88,4.94,8.16,SAFE
2022-09-15 17:35:11.434,nrf-350916066833768,4.24,4.14,6.75,SAFE
2022-09-15 17:35:11.434,nrf-350916066833768,4.41,4.19,6.81,SAFE
2022-09-15 16:51:35.706,nrf-350916066833768,5.64,3.00,12.4,SAFE
2022-09-15 16:51:35.706,nrf-350916066833768,1.80,0.714,9.02,SAFE
2022-09-15 16:51:35.706,nrf-350916066833768,1.68,0.821,9.01,SAFE
2022-09-15 16:51:35.706,nrf-350916066833768,1.49,0.803,9.09,SAFE
2022-09-15 16:51:35.706,nrf-350916066833768,1.45,0.563,9.04,SAFE
2022-09-15 16:22:23.634,nrf-350916066833768,4.30,5.02,7.14,SAFE
2022-09-15 16:22:23.634,nrf-350916066833768,4.20,4.69,6.11,SAFE
2022-09-15 16:22:23.634,nrf-350916066833768,7.71,6.23,12.4,SAFE
2022-09-15 16:22:23.634,nrf-350916066833768,9.02,9.10,10.7,SAFE
2022-09-15 16:22:23.634,nrf-350916066833768,7.41,7.33,9.19,SAFE
2022-09-15 16:04:47.917,nrf-350916066833768,30.1,30.2,34.6,SAFE
2022-09-15 16:04:47.917,nrf-350916066833768,34.8,22.1,37.5,SAFE
2022-09-15 16:04:47.917,nrf-350916066833768,35.8,27.4,39.4,SAFE
2022-09-15 16:04:47.917,nrf-350916066833768,28.1,30.7,30.0,SAFE
2022-09-15 16:04:47.917,nrf-350916066833768,18.3,22.5,38.0,SAFE
2022-09-15 15:52:30.733,nrf-350916066833768,9.32,10.5,10.6,SAFE
2022-09-15 15:52:30.733,nrf-350916066833768,3.25,2.67,2.88,SAFE
2022-09-15 15:52:30.733,nrf-350916066833768,2.86,2.37,2.62,SAFE
2022-09-15 15:52:30.733,nrf-350916066833768,2.80,2.36,2.63,SAFE
2022-09-15 15:52:30.733,nrf-350916066833768,2.91,2.42,2.80,SAFE
2022-09-15 15:19:08.749,nrf-350916066833768,7.53,6.17,16.1,SAFE
2022-09-15 15:19:08.749,nrf-350916066833768,8.69,6.19,22.3,SAFE
2022-09-15 15:19:08.749,nrf-350916066833768,1.85,0.865,8.94,SAFE
2022-09-15 15:19:08.749,nrf-350916066833768,1.92,0.918,9.52,SAFE
2022-09-15 15:19:08.749,nrf-350916066833768,1.74,0.977,9.20,SAFE
2022-09-15 15:02:07.548,nrf-350916066833768,7.39,7.39,11.2,SAFE
2022-09-15 15:02:07.548,nrf-350916066833768,9.14,11.0,11.1,SAFE
2022-09-15 15:02:07.548,nrf-350916066833768,9.74,11.2,11.3,SAFE
2022-09-15 15:02:07.548,nrf-350916066833768,8.89,10.1,10.7,SAFE
2022-09-15 15:02:07.548,nrf-350916066833768,4.72,5.48,5.96,SAFE
2022-09-15 14:26:27.397,nrf-350916066833768,19.7,11.0,27.1,SAFE
2022-09-15 14:26:27.397,nrf-350916066833768,15.9,14.0,23.0,SAFE
2022-09-15 14:26:27.397,nrf-350916066833768,1.33,0.547,9.04,SAFE
2022-09-15 14:26:27.397,nrf-350916066833768,1.47,0.695,9.00,SAFE
2022-09-15 14:26:27.397,nrf-350916066833768,1.33,0.654,9.10,SAFE
2022-09-15 14:04:03.624,nrf-350916066833768,5.70,6.45,8.96,SAFE
2022-09-15 14:04:03.624,nrf-350916066833768,5.55,5.49,7.43,SAFE
2022-09-15 14:04:03.624,nrf-350916066833768,5.31,5.44,7.93,SAFE
2022-09-15 14:04:03.624,nrf-350916066833768,5.52,7.03,8.04,SAFE
2022-09-15 14:04:03.624,nrf-350916066833768,4.48,5.05,6.32,SAFE
2022-09-15 13:49:40.511,nrf-350916066833768,11.3,2.94,14.7,SAFE
2022-09-15 13:49:40.511,nrf-350916066833768,5.60,5.01,13.2,SAFE
2022-09-15 13:49:40.511,nrf-350916066833768,7.82,8.18,19.1,SAFE
2022-09-15 13:49:40.511,nrf-350916066833768,8.69,9.03,17.9,SAFE
2022-09-15 13:49:40.511,nrf-350916066833768,14.0,11.1,23.6,SAFE
2022-09-15 13:23:21.695,nrf-350916066833768,10.0,10.6,13.7,SAFE
2022-09-15 13:23:21.695,nrf-350916066833768,7.61,9.42,10.4,SAFE
2022-09-15 13:23:21.695,nrf-350916066833768,9.28,10.7,12.2,SAFE
2022-09-15 13:23:21.695,nrf-350916066833768,5.42,7.32,10.1,SAFE
2022-09-15 13:23:21.695,nrf-350916066833768,2.80,2.38,2.50,SAFE
2022-09-15 13:09:16.617,nrf-350916066833768,11.9,5.33,15.7,SAFE
2022-09-15 13:09:16.617,nrf-350916066833768,11.4,4.93,12.3,SAFE
2022-09-15 13:09:16.617,nrf-350916066833768,8.50,5.53,12.6,SAFE
2022-09-15 13:09:16.617,nrf-350916066833768,9.87,6.75,13.8,SAFE
2022-09-15 13:09:16.617,nrf-350916066833768,7.80,6.58,14.9,SAFE
2022-09-15 12:17:12.606,nrf-350916066833768,6.03,5.17,7.13,SAFE
2022-09-15 12:17:12.606,nrf-350916066833768,2.87,2.76,2.67,SAFE
2022-09-15 12:17:12.606,nrf-350916066833768,2.85,2.41,2.48,SAFE
2022-09-15 12:17:12.606,nrf-350916066833768,2.93,2.60,2.86,SAFE
2022-09-15 12:17:12.606,nrf-350916066833768,2.76,2.44,2.58,SAFE
2022-09-15 11:48:51.497,nrf-350916066833768,6.39,3.43,10.4,SAFE
2022-09-15 11:48:51.497,nrf-350916066833768,4.72,2.31,9.68,SAFE
2022-09-15 11:48:51.497,nrf-350916066833768,6.31,1.91,9.35,SAFE
2022-09-15 11:48:51.497,nrf-350916066833768,6.33,1.87,9.75,SAFE
2022-09-15 11:48:51.497,nrf-350916066833768,5.13,2.09,9.91,SAFE
2022-09-15 11:17:54.648,nrf-350916066833768,5.94,5.92,5.33,SAFE
2022-09-15 11:17:54.648,nrf-350916066833768,2.80,2.33,2.33,SAFE
2022-09-15 11:17:54.648,nrf-350916066833768,2.81,2.32,2.53,SAFE
2022-09-15 11:17:54.648,nrf-350916066833768,2.70,2.33,2.71,SAFE
2022-09-15 11:17:54.648,nrf-350916066833768,2.80,2.38,2.62,SAFE
2022-09-15 11:04:55.507,nrf-350916066833768,19.8,16.9,30.4,SAFE
2022-09-15 11:04:55.507,nrf-350916066833768,24.1,19.7,23.3,SAFE
2022-09-15 11:04:55.507,nrf-350916066833768,20.1,14.1,19.8,SAFE
2022-09-15 11:04:55.507,nrf-350916066833768,23.6,15.9,31.1,SAFE
2022-09-15 11:04:55.507,nrf-350916066833768,19.6,19.7,23.7,SAFE
2022-09-15 10:51:37.741,nrf-350916066833768,4.86,5.44,6.53,SAFE
2022-09-15 10:51:37.741,nrf-350916066833768,6.03,4.86,6.52,SAFE
2022-09-15 10:51:37.741,nrf-350916066833768,6.39,6.71,9.20,SAFE
2022-09-15 10:51:37.741,nrf-350916066833768,12.2,11.0,10.7,SAFE
2022-09-15 10:51:37.741,nrf-350916066833768,3.30,2.63,2.99,SAFE
2022-09-15 10:23:32.705,nrf-350916066833768,10.0,5.02,14.8,SAFE
2022-09-15 10:23:32.705,nrf-350916066833768,3.37,2.13,9.73,SAFE
2022-09-15 10:23:32.705,nrf-350916066833768,3.26,1.57,9.09,SAFE
2022-09-15 10:23:32.705,nrf-350916066833768,3.41,1.12,9.59,SAFE
2022-09-15 10:23:32.705,nrf-350916066833768,3.37,1.24,9.32,SAFE
2022-09-15 10:07:47.909,nrf-350916066833768,6.79,8.59,8.85,SAFE
2022-09-15 10:07:47.909,nrf-350916066833768,8.08,8.15,11.2,SAFE
2022-09-15 10:07:47.909,nrf-350916066833768,8.11,8.60,11.0,SAFE
2022-09-15 10:07:47.909,nrf-350916066833768,8.00,9.41,10.6,SAFE
2022-09-15 10:07:47.909,nrf-350916066833768,2.70,2.48,2.64,SAFE
2022-09-15 09:50:49.586,nrf-350916066833768,17.2,11.6,16.2,SAFE
2022-09-15 09:50:49.586,nrf-350916066833768,5.52,2.47,9.33,SAFE
2022-09-15 09:50:49.586,nrf-350916066833768,6.25,1.86,10.1,SAFE
2022-09-15 09:50:49.586,nrf-350916066833768,4.97,1.54,9.37,SAFE
2022-09-15 09:50:49.586,nrf-350916066833768,6.20,1.46,9.54,SAFE
2022-09-15 09:30:49.630,nrf-350916066833768,5.75,6.43,6.54,SAFE
2022-09-15 09:30:49.630,nrf-350916066833768,6.80,7.13,7.52,SAFE
2022-09-15 09:30:49.630,nrf-350916066833768,6.23,8.28,8.32,SAFE
2022-09-15 09:30:49.630,nrf-350916066833768,7.15,7.72,7.88,SAFE
2022-09-15 09:30:49.630,nrf-350916066833768,4.24,4.92,4.44,SAFE
2022-09-15 09:01:34.035,nrf-350916066833768,22.6,15.3,22.8,SAFE
2022-09-15 09:01:34.035,nrf-350916066833768,18.6,9.78,19.4,SAFE
2022-09-15 09:01:34.035,nrf-350916066833768,1.64,0.888,9.16,SAFE
2022-09-15 09:01:34.035,nrf-350916066833768,1.52,0.495,9.09,SAFE
2022-09-15 09:01:34.035,nrf-350916066833768,1.22,0.448,8.83,SAFE
2022-09-15 08:50:11.703,nrf-350916066833768,12.4,6.10,16.1,SAFE
2022-09-15 08:36:40.747,nrf-350916066833768,6.72,8.28,9.44,SAFE
2022-09-15 08:36:40.747,nrf-350916066833768,18.5,17.9,18.4,SAFE
2022-09-15 08:36:40.747,nrf-350916066833768,18.2,19.1,23.2,SAFE
2022-09-15 08:36:40.747,nrf-350916066833768,9.15,12.6,14.2,SAFE
2022-09-15 08:36:40.747,nrf-350916066833768,5.13,5.97,7.33,SAFE
2022-09-15 08:12:42.999,nrf-350916066833768,4.64,1.92,9.58,SAFE
2022-09-15 08:12:42.999,nrf-350916066833768,4.41,2.41,10.5,SAFE
2022-09-15 08:12:42.999,nrf-350916066833768,4.53,2.98,10.9,SAFE
2022-09-15 08:12:42.999,nrf-350916066833768,6.24,2.67,10.9,SAFE
2022-09-15 08:12:42.999,nrf-350916066833768,7.79,5.24,9.88,SAFE
2022-09-15 07:12:43.354,nrf-350916066833768,6.09,6.56,7.56,SAFE
2022-09-15 07:12:43.354,nrf-350916066833768,6.05,7.16,7.67,SAFE
2022-09-15 07:12:43.354,nrf-350916066833768,6.02,8.73,8.15,SAFE
2022-09-15 07:12:43.354,nrf-350916066833768,6.48,7.81,8.28,SAFE
2022-09-15 07:12:43.354,nrf-350916066833768,6.38,8.12,8.40,SAFE
2022-09-15 06:43:33.795,nrf-350916066833768,11.2,7.62,20.4,SAFE
2022-09-15 06:43:33.795,nrf-350916066833768,13.2,6.12,14.3,SAFE
2022-09-15 06:43:33.795,nrf-350916066833768,9.81,6.98,13.3,SAFE
2022-09-15 06:43:33.795,nrf-350916066833768,12.3,7.83,18.2,SAFE
2022-09-15 06:43:33.795,nrf-350916066833768,6.73,4.12,11.1,SAFE
2022-09-15 05:54:49.072,nrf-350916066833768,6.43,6.21,8.94,SAFE
2022-09-15 05:54:49.072,nrf-350916066833768,3.01,2.59,2.37,SAFE
2022-09-15 05:54:49.072,nrf-350916066833768,2.84,2.42,2.52,SAFE
2022-09-15 05:54:49.072,nrf-350916066833768,2.72,2.47,2.42,SAFE
2022-09-15 05:54:49.072,nrf-350916066833768,2.83,2.37,2.62,SAFE
2022-09-15 00:42:43.491,nrf-350916066833768,1.03,1.04,9.49,SAFE
2022-09-15 00:42:43.491,nrf-350916066833768,0.665,0.804,9.11,SAFE
2022-09-15 00:42:43.491,nrf-350916066833768,0.541,0.417,9.03,SAFE
2022-09-15 00:42:43.491,nrf-350916066833768,0.468,0.469,8.97,SAFE
2022-09-15 00:42:43.491,nrf-350916066833768,0.643,0.619,9.02,SAFE
2022-09-14 23:10:46.341,nrf-350916066833768,6.85,7.49,9.28,SAFE
2022-09-14 23:10:46.341,nrf-350916066833768,6.50,8.01,8.92,SAFE
2022-09-14 23:10:46.341,nrf-350916066833768,7.19,9.04,9.32,SAFE
2022-09-14 23:10:46.341,nrf-350916066833768,4.25,4.74,5.12,SAFE
2022-09-14 23:10:46.341,nrf-350916066833768,2.63,2.33,2.57,SAFE
2022-09-14 22:47:50.981,nrf-350916066833768,9.74,8.38,22.8,SAFE
2022-09-14 22:47:50.981,nrf-350916066833768,1.58,0.571,9.33,SAFE
2022-09-14 22:47:50.981,nrf-350916066833768,1.21,0.673,8.79,SAFE
2022-09-14 22:47:50.981,nrf-350916066833768,1.31,0.530,9.06,SAFE
2022-09-14 22:47:50.981,nrf-350916066833768,0.939,0.490,9.02,SAFE
2022-09-14 22:24:20.914,nrf-350916066833768,6.61,5.01,7.15,SAFE
2022-09-14 22:24:20.914,nrf-350916066833768,4.75,4.55,5.14,SAFE
2022-09-14 22:24:20.914,nrf-350916066833768,5.85,5.59,6.09,SAFE
2022-09-14 22:24:20.914,nrf-350916066833768,5.38,5.28,5.88,SAFE
2022-09-14 22:24:20.914,nrf-350916066833768,9.60,9.16,10.6,SAFE
2022-09-14 22:01:41.935,nrf-350916066833768,9.64,6.85,18.4,SAFE
2022-09-14 22:01:41.935,nrf-350916066833768,11.6,7.78,15.7,SAFE
2022-09-14 22:01:41.935,nrf-350916066833768,9.15,5.15,13.1,SAFE
2022-09-14 22:01:41.935,nrf-350916066833768,12.7,11.1,18.8,SAFE
2022-09-14 22:01:41.935,nrf-350916066833768,13.9,7.20,17.3,SAFE
2022-09-14 21:47:01.716,nrf-350916066833768,4.52,4.33,5.45,SAFE
2022-09-14 21:47:01.716,nrf-350916066833768,5.77,7.00,8.80,SAFE
2022-09-14 21:47:01.716,nrf-350916066833768,8.73,9.14,10.3,SAFE
2022-09-14 21:47:01.716,nrf-350916066833768,5.35,6.20,6.16,SAFE
2022-09-14 21:47:01.716,nrf-350916066833768,2.84,2.52,2.39,SAFE
2022-09-14 21:21:54.617,nrf-350916066833768,15.6,11.2,19.2,SAFE
2022-09-14 21:21:54.617,nrf-350916066833768,18.8,16.6,29.7,SAFE
2022-09-14 21:21:54.617,nrf-350916066833768,6.61,5.42,10.6,SAFE
2022-09-14 21:21:54.617,nrf-350916066833768,1.77,1.12,9.31,SAFE
2022-09-14 21:21:54.617,nrf-350916066833768,1.88,0.797,8.98,SAFE
2022-09-14 21:04:54.164,nrf-350916066833768,6.06,6.89,8.54,SAFE
2022-09-14 21:04:54.164,nrf-350916066833768,5.68,5.83,6.93,SAFE
2022-09-14 21:04:54.164,nrf-350916066833768,2.69,2.09,2.38,SAFE
2022-09-14 21:04:54.164,nrf-350916066833768,2.78,2.29,2.34,SAFE
2022-09-14 21:04:54.164,nrf-350916066833768,2.82,2.15,2.43,SAFE
2022-09-14 20:50:46.628,nrf-350916066833768,5.24,6.15,10.9,SAFE
2022-09-14 20:50:46.628,nrf-350916066833768,1.29,0.661,9.20,SAFE
2022-09-14 20:50:46.628,nrf-350916066833768,1.13,0.568,9.39,SAFE
2022-09-14 20:50:46.628,nrf-350916066833768,1.24,0.606,9.15,SAFE
2022-09-14 20:50:46.628,nrf-350916066833768,1.13,0.729,8.97,SAFE
2022-09-14 20:33:54.707,nrf-350916066833768,8.70,9.95,10.2,SAFE
2022-09-14 20:33:54.707,nrf-350916066833768,10.0,11.0,12.4,SAFE
2022-09-14 20:33:54.707,nrf-350916066833768,10.1,11.0,12.3,SAFE
2022-09-14 20:33:54.707,nrf-350916066833768,9.94,12.0,13.6,SAFE
2022-09-14 20:33:54.707,nrf-350916066833768,9.16,10.6,9.92,SAFE
2022-09-14 20:16:59.709,nrf-350916066833768,7.01,4.46,23.3,SAFE
2022-09-14 20:16:59.709,nrf-350916066833768,10.3,5.96,15.6,SAFE
2022-09-14 20:16:59.709,nrf-350916066833768,10.4,7.33,17.5,SAFE
2022-09-14 20:16:59.709,nrf-350916066833768,7.16,5.21,11.7,SAFE
2022-09-14 20:16:59.709,nrf-350916066833768,10.1,7.14,14.8,SAFE
2022-09-14 19:39:47.433,nrf-350916066833768,6.82,8.22,9.54,SAFE
2022-09-14 19:39:47.433,nrf-350916066833768,4.88,4.62,5.45,SAFE
2022-09-14 19:39:47.433,nrf-350916066833768,4.92,5.00,5.90,SAFE
2022-09-14 19:39:47.433,nrf-350916066833768,6.70,6.43,7.73,SAFE
2022-09-14 19:39:47.433,nrf-350916066833768,4.67,4.90,5.45,SAFE
2022-09-14 19:17:30.593,nrf-350916066833768,3.43,3.60,11.4,SAFE
2022-09-14 19:17:30.593,nrf-350916066833768,6.92,6.50,16.9,SAFE
2022-09-14 19:17:30.593,nrf-350916066833768,9.40,7.73,17.5,SAFE
2022-09-14 19:17:30.593,nrf-350916066833768,8.88,4.51,15.0,SAFE
2022-09-14 19:17:30.593,nrf-350916066833768,17.1,17.1,27.4,SAFE
2022-09-14 18:54:30.173,nrf-350916066833768,7.78,7.41,8.02,SAFE
2022-09-14 18:54:30.173,nrf-350916066833768,2.78,2.26,2.29,SAFE
2022-09-14 18:54:30.173,nrf-350916066833768,2.72,2.26,2.43,SAFE
2022-09-14 18:54:30.173,nrf-350916066833768,2.91,2.27,2.40,SAFE
2022-09-14 18:54:30.173,nrf-350916066833768,2.87,2.31,2.67,SAFE
2022-09-14 18:37:51.019,nrf-350916066833768,8.61,4.63,15.9,SAFE
2022-09-14 18:37:51.019,nrf-350916066833768,7.08,5.58,11.6,SAFE
2022-09-14 18:37:51.019,nrf-350916066833768,20.0,11.4,19.4,SAFE
2022-09-14 18:37:51.019,nrf-350916066833768,2.96,1.39,10.1,SAFE
2022-09-14 18:37:51.019,nrf-350916066833768,0.931,0.758,8.94,SAFE
2022-09-14 18:17:11.397,nrf-350916066833768,7.91,7.99,8.27,SAFE
2022-09-14 18:17:11.397,nrf-350916066833768,2.76,2.49,2.86,SAFE
2022-09-14 18:17:11.397,nrf-350916066833768,2.70,2.78,2.98,SAFE
2022-09-14 18:17:11.397,nrf-350916066833768,2.65,2.46,2.83,SAFE
2022-09-14 18:17:11.397,nrf-350916066833768,2.73,2.32,2.79,SAFE
2022-09-14 17:48:35.029,nrf-350916066833768,4.60,6.22,13.2,SAFE
2022-09-14 17:48:35.029,nrf-350916066833768,0.997,0.630,9.38,SAFE
2022-09-14 17:48:35.029,nrf-350916066833768,1.52,0.743,9.31,SAFE
2022-09-14 17:48:35.029,nrf-350916066833768,1.65,0.794,8.79,SAFE
2022-09-14 17:48:35.029,nrf-350916066833768,1.25,0.765,9.06,SAFE
2022-09-14 17:24:49.357,nrf-350916066833768,6.69,7.13,7.59,SAFE
2022-09-14 17:24:49.357,nrf-350916066833768,6.55,7.29,7.79,SAFE
2022-09-14 17:24:49.357,nrf-350916066833768,6.05,6.83,6.72,SAFE
2022-09-14 17:24:49.357,nrf-350916066833768,7.75,8.37,8.60,SAFE
2022-09-14 17:24:49.357,nrf-350916066833768,4.01,3.84,4.39,SAFE
2022-09-14 16:58:34.784,nrf-350916066833768,20.3,13.8,22.6,SAFE
2022-09-14 16:58:34.784,nrf-350916066833768,21.4,16.8,27.8,SAFE
2022-09-14 16:58:34.784,nrf-350916066833768,20.6,14.5,22.3,SAFE
2022-09-14 16:58:34.784,nrf-350916066833768,19.2,15.8,27.1,SAFE
2022-09-14 16:58:34.784,nrf-350916066833768,7.86,12.1,14.6,SAFE
2022-09-14 16:39:17.341,nrf-350916066833768,3.89,4.14,5.25,SAFE
2022-09-14 16:39:17.341,nrf-350916066833768,5.98,5.72,8.31,SAFE
2022-09-14 16:39:17.341,nrf-350916066833768,15.6,12.5,11.7,SAFE
2022-09-14 16:39:17.341,nrf-350916066833768,2.87,2.44,2.48,SAFE
2022-09-14 16:39:17.341,nrf-350916066833768,2.55,2.38,2.52,SAFE
2022-09-14 16:12:07.961,nrf-350916066833768,8.34,10.7,14.8,SAFE
2022-09-14 16:12:07.961,nrf-350916066833768,12.3,10.2,19.6,SAFE
2022-09-14 16:12:07.961,nrf-350916066833768,10.9,6.86,15.7,SAFE
2022-09-14 16:12:07.961,nrf-350916066833768,10.9,4.38,13.2,SAFE
2022-09-14 16:12:07.961,nrf-350916066833768,8.41,4.74,12.7,SAFE
2022-09-14 15:53:17.628,nrf-350916066833768,5.20,5.48,5.55,SAFE
2022-09-14 15:53:17.628,nrf-350916066833768,2.79,2.32,2.22,SAFE
2022-09-14 15:53:17.628,nrf-350916066833768,2.77,2.36,2.45,SAFE
2022-09-14 15:53:17.628,nrf-350916066833768,2.45,2.25,2.70,SAFE
2022-09-14 15:53:17.628,nrf-350916066833768,2.58,2.16,2.75,SAFE
2022-09-14 15:34:17.786,nrf-350916066833768,22.7,19.3,26.5,SAFE
2022-09-14 15:34:17.786,nrf-350916066833768,20.3,19.6,24.8,SAFE
2022-09-14 15:34:17.786,nrf-350916066833768,29.5,18.5,33.6,SAFE
2022-09-14 15:34:17.786,nrf-350916066833768,15.8,15.2,28.2,SAFE
2022-09-14 15:34:17.786,nrf-350916066833768,25.7,15.7,27.8,SAFE
2022-09-14 15:20:16.694,nrf-350916066833768,6.79,7.93,7.14,SAFE
2022-09-14 15:20:16.694,nrf-350916066833768,2.62,2.14,2.30,SAFE
2022-09-14 15:20:16.694,nrf-350916066833768,2.64,2.44,2.52,SAFE
2022-09-14 15:20:16.694,nrf-350916066833768,2.73,2.07,2.44,SAFE
2022-09-14 15:20:16.694,nrf-350916066833768,2.61,2.24,2.54,SAFE
2022-09-14 15:06:51.668,nrf-350916066833768,17.9,17.1,24.0,SAFE
2022-09-14 15:06:51.668,nrf-350916066833768,21.7,16.7,30.1,SAFE
2022-09-14 15:06:51.668,nrf-350916066833768,14.9,15.9,23.2,SAFE
2022-09-14 15:06:51.668,nrf-350916066833768,2.57,1.82,9.72,SAFE
2022-09-14 15:06:51.668,nrf-350916066833768,2.23,1.04,8.92,SAFE
2022-09-14 14:47:19.703,nrf-350916066833768,4.09,3.94,4.81,SAFE
2022-09-14 14:47:19.703,nrf-350916066833768,6.54,5.80,8.58,SAFE
2022-09-14 14:47:19.703,nrf-350916066833768,5.91,5.32,8.84,SAFE
2022-09-14 14:47:19.703,nrf-350916066833768,7.78,7.63,9.64,SAFE
2022-09-14 14:47:19.703,nrf-350916066833768,7.45,7.74,6.25,SAFE
2022-09-14 14:18:41.216,nrf-350916066833768,7.85,5.62,12.6,SAFE
2022-09-14 14:18:41.216,nrf-350916066833768,4.61,2.92,8.76,SAFE
2022-09-14 14:18:41.216,nrf-350916066833768,4.51,1.69,9.82,SAFE
2022-09-14 14:18:41.216,nrf-350916066833768,4.19,1.50,9.31,SAFE
2022-09-14 14:18:41.216,nrf-350916066833768,4.91,1.86,10.1,SAFE
2022-09-14 13:30:29.663,nrf-350916066833768,5.31,6.56,7.72,SAFE
2022-09-14 13:30:29.663,nrf-350916066833768,4.97,5.72,7.15,SAFE
2022-09-14 13:30:29.663,nrf-350916066833768,7.67,6.11,8.96,SAFE
2022-09-14 13:30:29.663,nrf-350916066833768,5.00,5.26,7.55,SAFE
2022-09-14 13:30:29.663,nrf-350916066833768,5.62,5.91,7.52,SAFE
2022-09-14 13:16:49.700,nrf-350916066833768,8.48,5.02,19.2,SAFE
2022-09-14 13:16:49.700,nrf-350916066833768,11.6,5.80,24.1,SAFE
2022-09-14 13:16:49.700,nrf-350916066833768,7.62,7.65,17.2,SAFE
2022-09-14 13:16:49.700,nrf-350916066833768,7.94,6.61,17.2,SAFE
2022-09-14 13:16:49.700,nrf-350916066833768,4.29,6.40,24.8,SAFE
2022-09-14 12:56:52.041,nrf-350916066833768,6.95,7.81,8.66,SAFE
2022-09-14 12:56:52.041,nrf-350916066833768,7.71,8.76,10.6,SAFE
2022-09-14 12:56:52.041,nrf-350916066833768,8.00,9.05,8.32,SAFE
2022-09-14 12:56:52.041,nrf-350916066833768,6.72,7.90,8.47,SAFE
2022-09-14 12:56:52.041,nrf-350916066833768,7.48,8.45,9.08,SAFE
2022-09-14 12:42:38.609,nrf-350916066833768,10.6,5.39,15.9,SAFE
2022-09-14 12:42:38.609,nrf-350916066833768,11.5,5.89,13.8,SAFE
2022-09-14 12:42:38.609,nrf-350916066833768,14.5,13.4,18.6,SAFE
2022-09-14 12:42:38.609,nrf-350916066833768,13.6,7.41,18.6,SAFE
2022-09-14 12:42:38.609,nrf-350916066833768,13.8,7.56,18.5,SAFE
2022-09-14 12:23:24.924,nrf-350916066833768,6.91,9.37,9.80,SAFE
2022-09-14 12:23:24.924,nrf-350916066833768,7.10,9.46,10.2,SAFE
2022-09-14 12:23:24.924,nrf-350916066833768,8.18,8.85,9.80,SAFE
2022-09-14 12:23:24.924,nrf-350916066833768,5.42,6.71,7.14,SAFE
2022-09-14 12:23:24.924,nrf-350916066833768,2.59,2.39,2.88,SAFE
2022-09-14 12:00:51.290,nrf-350916066833768,12.1,12.2,16.5,SAFE
2022-09-14 12:00:51.290,nrf-350916066833768,5.70,3.09,10.7,SAFE
2022-09-14 12:00:51.290,nrf-350916066833768,6.91,3.88,9.46,SAFE
2022-09-14 12:00:51.290,nrf-350916066833768,7.46,3.76,11.2,SAFE
2022-09-14 12:00:51.290,nrf-350916066833768,6.50,5.63,14.6,SAFE
2022-09-14 11:48:46.125,nrf-350916066833768,4.94,5.30,5.49,SAFE
2022-09-14 11:48:46.125,nrf-350916066833768,2.91,2.16,2.31,SAFE
2022-09-14 11:48:46.125,nrf-350916066833768,2.51,2.38,2.47,SAFE
2022-09-14 11:48:46.125,nrf-350916066833768,2.75,2.32,2.27,SAFE
2022-09-14 11:48:46.125,nrf-350916066833768,2.82,2.36,2.42,SAFE
2022-09-14 11:14:46.590,nrf-350916066833768,2.43,1.66,10.1,SAFE
2022-09-14 11:14:46.590,nrf-350916066833768,1.05,0.742,9.27,SAFE
2022-09-14 11:14:46.590,nrf-350916066833768,1.40,0.755,9.24,SAFE
2022-09-14 11:14:46.590,nrf-350916066833768,0.941,0.697,9.02,SAFE
2022-09-14 11:14:46.590,nrf-350916066833768,0.970,0.724,9.09,SAFE
2022-09-14 10:57:19.120,nrf-350916066833768,6.93,8.20,8.25,SAFE
2022-09-14 10:57:19.120,nrf-350916066833768,6.30,7.49,8.70,SAFE
2022-09-14 10:57:19.120,nrf-350916066833768,7.68,8.33,10.1,SAFE
2022-09-14 10:57:19.120,nrf-350916066833768,7.14,7.84,8.52,SAFE
2022-09-14 10:57:19.120,nrf-350916066833768,6.72,7.02,8.69,SAFE
2022-09-14 10:44:34.198,nrf-350916066833768,21.8,12.3,24.3,SAFE
2022-09-14 10:44:34.198,nrf-350916066833768,13.3,7.55,17.1,SAFE
2022-09-14 10:44:34.198,nrf-350916066833768,12.9,8.29,19.1,SAFE
2022-09-14 10:44:34.198,nrf-350916066833768,15.1,11.0,27.7,SAFE
2022-09-14 10:44:34.198,nrf-350916066833768,13.4,6.59,15.7,SAFE
2022-09-14 10:18:10.615,nrf-350916066833768,7.06,9.35,8.51,SAFE
2022-09-14 10:18:10.615,nrf-350916066833768,3.19,2.38,2.53,SAFE
2022-09-14 10:18:10.615,nrf-350916066833768,2.82,2.58,2.38,SAFE
2022-09-14 10:18:10.615,nrf-350916066833768,2.77,2.21,2.58,SAFE
2022-09-14 10:18:10.615,nrf-350916066833768,2.57,2.39,2.48,SAFE
2022-09-14 09:58:26.037,nrf-350916066833768,16.5,14.4,19.5,SAFE
2022-09-14 09:58:26.037,nrf-350916066833768,16.0,11.9,22.3,SAFE
2022-09-14 09:58:26.037,nrf-350916066833768,17.7,12.7,17.5,SAFE
2022-09-14 09:58:26.037,nrf-350916066833768,23.3,21.8,20.2,SAFE
2022-09-14 09:58:26.037,nrf-350916066833768,20.3,16.0,22.9,SAFE
2022-09-14 09:16:41.274,nrf-350916066833768,7.40,7.77,12.0,SAFE
2022-09-14 09:16:41.274,nrf-350916066833768,2.76,2.48,2.36,SAFE
2022-09-14 09:16:41.274,nrf-350916066833768,2.75,2.25,2.46,SAFE
2022-09-14 09:16:41.274,nrf-350916066833768,2.72,2.19,2.45,SAFE
2022-09-14 09:16:41.274,nrf-350916066833768,2.59,2.06,2.45,SAFE
2022-09-14 08:59:51.746,nrf-350916066833768,26.5,20.1,22.7,SAFE
2022-09-14 08:59:51.746,nrf-350916066833768,26.0,16.9,24.7,SAFE
2022-09-14 08:59:51.746,nrf-350916066833768,27.0,15.3,23.7,SAFE
2022-09-14 08:59:51.746,nrf-350916066833768,21.6,16.6,20.2,SAFE
2022-09-14 08:59:51.746,nrf-350916066833768,3.38,3.28,9.87,SAFE
2022-09-14 08:47:00.822,nrf-350916066833768,5.60,6.37,6.72,SAFE
2022-09-14 08:47:00.822,nrf-350916066833768,2.65,2.21,2.37,SAFE
2022-09-14 08:47:00.822,nrf-350916066833768,2.80,2.21,2.45,SAFE
2022-09-14 08:47:00.822,nrf-350916066833768,2.77,2.20,2.25,SAFE
2022-09-14 08:47:00.822,nrf-350916066833768,2.81,2.23,2.54,SAFE
2022-09-14 08:20:26.686,nrf-350916066833768,8.53,8.23,15.2,SAFE
2022-09-14 08:20:26.686,nrf-350916066833768,3.46,1.67,9.74,SAFE
2022-09-14 08:20:26.686,nrf-350916066833768,2.79,1.33,9.08,SAFE
2022-09-14 08:20:26.686,nrf-350916066833768,2.29,0.672,9.22,SAFE
2022-09-14 08:20:26.686,nrf-350916066833768,2.00,0.732,9.12,SAFE
2022-09-14 08:00:54.629,nrf-350916066833768,4.37,4.14,4.61,SAFE
2022-09-14 08:00:54.629,nrf-350916066833768,2.58,2.19,2.49,SAFE
2022-09-14 08:00:54.629,nrf-350916066833768,2.74,2.02,2.32,SAFE
2022-09-14 08:00:54.629,nrf-350916066833768,2.79,2.03,2.39,SAFE
2022-09-14 08:00:54.629,nrf-350916066833768,2.88,2.14,2.26,SAFE
2022-09-14 07:47:38.614,nrf-350916066833768,9.00,4.29,11.5,SAFE
2022-09-14 07:47:38.614,nrf-350916066833768,1.69,0.698,9.16,SAFE
2022-09-14 07:47:38.614,nrf-350916066833768,1.30,0.677,9.02,SAFE
2022-09-14 07:47:38.614,nrf-350916066833768,1.14,0.664,8.67,SAFE
2022-09-14 07:47:38.614,nrf-350916066833768,1.12,0.555,9.22,SAFE
2022-09-14 07:10:08.421,nrf-350916066833768,5.70,6.71,7.11,SAFE
2022-09-14 07:10:08.421,nrf-350916066833768,3.37,2.71,3.08,SAFE
2022-09-14 07:10:08.421,nrf-350916066833768,3.46,3.04,3.45,SAFE
2022-09-14 07:10:08.421,nrf-350916066833768,3.26,2.81,3.24,SAFE
2022-09-14 07:10:08.421,nrf-350916066833768,3.54,3.15,3.39,SAFE
2022-09-14 06:47:57.633,nrf-350916066833768,6.81,6.10,14.2,SAFE
2022-09-14 06:47:57.633,nrf-350916066833768,1.04,0.465,9.02,SAFE
2022-09-14 06:47:57.633,nrf-350916066833768,1.31,0.677,9.20,SAFE
2022-09-14 06:47:57.633,nrf-350916066833768,0.946,0.572,9.08,SAFE
2022-09-14 06:47:57.633,nrf-350916066833768,0.863,0.682,8.90,SAFE
2022-09-14 06:19:30.790,nrf-350916066833768,5.25,6.80,5.86,SAFE
2022-09-14 06:19:30.790,nrf-350916066833768,2.84,2.45,2.61,SAFE
2022-09-14 06:19:30.790,nrf-350916066833768,2.86,2.17,2.48,SAFE
2022-09-14 06:19:30.790,nrf-350916066833768,3.01,2.13,2.38,SAFE
2022-09-14 06:19:30.790,nrf-350916066833768,2.90,2.44,2.59,SAFE
2022-09-14 06:01:48.188,nrf-350916066833768,8.42,5.31,13.1,SAFE
2022-09-14 06:01:48.188,nrf-350916066833768,13.0,9.52,11.6,SAFE
2022-09-14 06:01:48.188,nrf-350916066833768,12.8,5.58,19.4,SAFE
2022-09-14 06:01:48.188,nrf-350916066833768,9.95,4.55,11.3,SAFE
2022-09-14 06:01:48.188,nrf-350916066833768,11.6,4.50,15.5,SAFE
2022-09-14 05:34:08.153,nrf-350916066833768,5.32,4.86,7.90,SAFE
2022-09-14 05:34:08.153,nrf-350916066833768,4.91,5.06,8.78,SAFE
2022-09-14 05:34:08.153,nrf-350916066833768,4.33,4.72,5.53,SAFE
2022-09-14 05:34:08.153,nrf-350916066833768,4.33,4.22,4.78,SAFE
2022-09-14 05:34:08.153,nrf-350916066833768,4.38,4.34,3.86,SAFE
2022-09-14 05:02:34.499,nrf-350916066833768,18.1,7.44,15.7,SAFE
2022-09-14 05:02:34.499,nrf-350916066833768,15.8,9.26,15.0,SAFE
2022-09-14 05:02:34.499,nrf-350916066833768,11.6,6.74,19.6,SAFE
2022-09-14 05:02:34.499,nrf-350916066833768,8.88,6.80,11.8,SAFE
2022-09-14 05:02:34.499,nrf-350916066833768,15.0,10.1,11.8,SAFE
2022-09-14 03:31:27.081,nrf-350916066833768,3.79,3.79,4.39,SAFE
2022-09-14 03:31:27.081,nrf-350916066833768,7.08,6.86,8.62,SAFE
2022-09-14 03:31:27.081,nrf-350916066833768,7.90,8.27,9.34,SAFE
2022-09-14 03:31:27.081,nrf-350916066833768,4.36,4.60,4.73,SAFE
2022-09-14 03:31:27.081,nrf-350916066833768,3.77,4.26,4.14,SAFE
2022-09-14 02:15:16.639,nrf-350916066833768,7.07,5.21,10.6,SAFE
2022-09-14 02:15:16.639,nrf-350916066833768,5.88,3.12,10.7,SAFE
2022-09-14 02:15:16.639,nrf-350916066833768,5.14,3.27,11.5,SAFE
2022-09-14 02:15:16.639,nrf-350916066833768,5.42,4.26,11.3,SAFE
2022-09-14 02:15:16.639,nrf-350916066833768,6.78,4.22,9.81,SAFE
2022-09-14 01:51:12.650,nrf-350916066833768,4.37,4.80,5.75,SAFE
2022-09-14 01:51:12.650,nrf-350916066833768,5.48,6.76,7.49,SAFE
2022-09-14 01:51:12.650,nrf-350916066833768,3.16,2.75,3.16,SAFE
2022-09-14 01:51:12.650,nrf-350916066833768,2.69,2.12,2.55,SAFE
2022-09-14 01:51:12.650,nrf-350916066833768,2.67,2.12,2.34,SAFE
2022-09-14 00:38:40.639,nrf-350916066833768,11.2,7.69,21.3,SAFE
2022-09-14 00:38:40.639,nrf-350916066833768,10.2,7.72,14.7,SAFE
2022-09-14 00:38:40.639,nrf-350916066833768,16.9,6.67,26.8,SAFE
2022-09-14 00:38:40.639,nrf-350916066833768,16.5,14.1,15.9,SAFE
2022-09-14 00:38:40.639,nrf-350916066833768,11.1,11.2,18.0,SAFE
2022-09-14 00:17:59.097,nrf-350916066833768,13.7,15.2,16.7,SAFE
2022-09-14 00:17:59.097,nrf-350916066833768,2.75,2.15,2.43,SAFE
2022-09-14 00:17:59.097,nrf-350916066833768,2.94,2.20,2.51,SAFE
2022-09-14 00:17:59.097,nrf-350916066833768,2.70,2.27,2.34,SAFE
2022-09-14 00:17:59.097,nrf-350916066833768,2.81,2.35,2.50,SAFE
2022-09-13 23:46:56.191,nrf-350916066833768,17.6,17.7,19.9,SAFE
2022-09-13 23:46:56.191,nrf-350916066833768,6.76,10.1,21.5,SAFE
2022-09-13 23:46:56.191,nrf-350916066833768,15.3,9.35,15.6,SAFE
2022-09-13 23:46:56.191,nrf-350916066833768,9.97,9.65,16.9,SAFE
2022-09-13 23:46:56.191,nrf-350916066833768,24.1,16.7,17.2,SAFE
2022-09-13 23:23:48.825,nrf-350916066833768,2.85,2.25,2.42,SAFE
2022-09-13 23:23:48.825,nrf-350916066833768,2.67,2.21,2.39,SAFE
2022-09-13 23:23:48.825,nrf-350916066833768,2.87,2.15,2.40,SAFE
2022-09-13 23:23:48.825,nrf-350916066833768,2.72,2.27,2.72,SAFE
2022-09-13 23:23:48.825,nrf-350916066833768,2.75,2.18,2.44,SAFE
2022-09-13 23:06:44.357,nrf-350916066833768,22.6,10.9,25.5,SAFE
2022-09-13 23:06:44.357,nrf-350916066833768,4.90,3.14,9.76,SAFE
2022-09-13 23:06:44.357,nrf-350916066833768,4.25,3.82,11.9,SAFE
2022-09-13 23:06:44.357,nrf-350916066833768,6.71,3.80,13.6,SAFE
2022-09-13 23:06:44.357,nrf-350916066833768,3.94,3.55,11.5,SAFE
2022-09-13 22:48:07.303,nrf-350916066833768,4.98,4.98,7.06,SAFE
2022-09-13 22:48:07.303,nrf-350916066833768,6.00,5.07,8.85,SAFE
2022-09-13 22:48:07.303,nrf-350916066833768,5.27,5.86,8.25,SAFE
2022-09-13 22:48:07.303,nrf-350916066833768,4.40,4.90,5.74,SAFE
2022-09-13 22:48:07.303,nrf-350916066833768,4.01,3.97,6.09,SAFE
2022-09-13 22:16:47.250,nrf-350916066833768,12.5,10.3,17.3,SAFE
2022-09-13 22:16:47.250,nrf-350916066833768,3.78,2.49,9.98,SAFE
2022-09-13 22:16:47.250,nrf-350916066833768,2.86,1.41,8.85,SAFE
2022-09-13 22:16:47.250,nrf-350916066833768,2.32,1.05,9.54,SAFE
2022-09-13 22:16:47.250,nrf-350916066833768,2.29,0.907,9.59,SAFE
2022-09-13 21:48:13.537,nrf-350916066833768,4.44,4.90,7.12,SAFE
2022-09-13 21:48:13.537,nrf-350916066833768,6.21,5.93,12.1,SAFE
2022-09-13 21:48:13.537,nrf-350916066833768,4.90,5.80,5.64,SAFE
2022-09-13 21:48:13.537,nrf-350916066833768,6.41,6.75,8.70,SAFE
2022-09-13 21:48:13.537,nrf-350916066833768,5.40,4.86,6.03,SAFE
2022-09-13 21:34:17.446,nrf-350916066833768,11.7,8.60,17.7,SAFE
2022-09-13 21:34:17.446,nrf-350916066833768,11.3,8.36,19.8,SAFE
2022-09-13 21:34:17.446,nrf-350916066833768,13.5,8.77,18.4,SAFE
2022-09-13 21:34:17.446,nrf-350916066833768,12.3,7.66,12.6,SAFE
2022-09-13 21:34:17.446,nrf-350916066833768,10.9,7.86,16.2,SAFE
2022-09-13 21:14:40.566,nrf-350916066833768,3.90,4.13,4.90,SAFE
2022-09-13 21:14:40.566,nrf-350916066833768,6.28,6.01,8.44,SAFE
2022-09-13 21:14:40.566,nrf-350916066833768,5.20,5.56,7.51,SAFE
2022-09-13 21:14:40.566,nrf-350916066833768,4.02,4.25,5.53,SAFE
2022-09-13 21:14:40.566,nrf-350916066833768,4.08,4.16,5.46,SAFE
2022-09-13 21:02:17.389,nrf-350916066833768,32.8,19.0,28.3,SAFE
2022-09-13 21:02:17.389,nrf-350916066833768,16.9,12.6,31.0,SAFE
2022-09-13 21:02:17.389,nrf-350916066833768,13.8,15.7,22.5,SAFE
2022-09-13 21:02:17.389,nrf-350916066833768,24.8,11.6,23.8,SAFE
2022-09-13 21:02:17.389,nrf-350916066833768,26.6,14.3,25.8,SAFE
2022-09-13 20:39:20.272,nrf-350916066833768,6.70,6.44,7.02,SAFE
2022-09-13 20:39:20.272,nrf-350916066833768,8.84,9.57,9.05,SAFE
2022-09-13 20:39:20.272,nrf-350916066833768,11.3,12.2,13.4,SAFE
2022-09-13 20:39:20.272,nrf-350916066833768,8.58,9.37,10.6,SAFE
2022-09-13 20:39:20.272,nrf-350916066833768,5.68,6.73,6.70,SAFE
2022-09-13 20:16:46.097,nrf-350916066833768,7.69,4.70,16.0,SAFE
2022-09-13 20:16:46.097,nrf-350916066833768,6.23,4.75,11.7,SAFE
2022-09-13 20:16:46.097,nrf-350916066833768,11.8,7.45,16.8,SAFE
2022-09-13 20:16:46.097,nrf-350916066833768,8.22,5.29,18.4,SAFE
2022-09-13 20:16:46.097,nrf-350916066833768,10.6,7.34,17.6,SAFE
2022-09-13 20:04:28.609,nrf-350916066833768,3.69,3.80,3.96,SAFE
2022-09-13 20:04:28.609,nrf-350916066833768,4.06,4.12,4.96,SAFE
2022-09-13 20:04:28.609,nrf-350916066833768,9.21,7.40,8.66,SAFE
2022-09-13 20:04:28.609,nrf-350916066833768,4.33,4.55,5.54,SAFE
2022-09-13 20:04:28.609,nrf-350916066833768,5.13,5.33,6.60,SAFE
2022-09-13 19:47:07.594,nrf-350916066833768,4.72,5.25,23.1,SAFE
2022-09-13 19:47:07.594,nrf-350916066833768,7.06,4.95,17.2,SAFE
2022-09-13 19:47:07.594,nrf-350916066833768,11.2,5.58,16.4,SAFE
2022-09-13 19:47:07.594,nrf-350916066833768,9.64,7.43,17.5,SAFE
2022-09-13 19:47:07.594,nrf-350916066833768,1.57,0.699,9.09,SAFE
2022-09-13 19:19:40.018,nrf-350916066833768,4.20,4.34,5.39,SAFE
2022-09-13 19:19:40.018,nrf-350916066833768,3.92,4.06,4.70,SAFE
2022-09-13 19:19:40.018,nrf-350916066833768,6.46,5.62,10.3,SAFE
2022-09-13 19:19:40.018,nrf-350916066833768,6.19,5.54,9.46,SAFE
2022-09-13 19:19:40.018,nrf-350916066833768,5.14,4.72,7.47,SAFE
2022-09-13 19:02:29.701,nrf-350916066833768,9.42,6.98,20.0,SAFE
2022-09-13 19:02:29.701,nrf-350916066833768,7.60,8.26,13.8,SAFE
2022-09-13 19:02:29.701,nrf-350916066833768,8.79,4.81,11.2,SAFE
2022-09-13 19:02:29.701,nrf-350916066833768,8.52,6.24,12.1,SAFE
2022-09-13 19:02:29.701,nrf-350916066833768,8.47,6.30,14.7,SAFE
2022-09-13 18:49:34.586,nrf-350916066833768,5.42,5.61,6.97,SAFE
2022-09-13 18:49:34.586,nrf-350916066833768,5.08,4.88,7.18,SAFE
2022-09-13 18:49:34.586,nrf-350916066833768,5.97,6.39,7.34,SAFE
2022-09-13 18:49:34.586,nrf-350916066833768,6.00,6.62,8.80,SAFE
2022-09-13 18:49:34.586,nrf-350916066833768,4.60,5.15,7.72,SAFE
2022-09-13 18:34:06.509,nrf-350916066833768,21.5,10.7,21.3,SAFE
2022-09-13 18:34:06.509,nrf-350916066833768,18.3,12.2,22.2,SAFE
2022-09-13 18:34:06.509,nrf-350916066833768,1.75,1.13,9.57,SAFE
2022-09-13 18:34:06.509,nrf-350916066833768,1.16,0.762,9.17,SAFE
2022-09-13 18:34:06.509,nrf-350916066833768,1.28,0.488,9.03,SAFE
2022-09-13 18:19:04.969,nrf-350916066833768,4.28,3.79,5.82,SAFE
2022-09-13 18:19:04.969,nrf-350916066833768,4.18,4.17,5.35,SAFE
2022-09-13 18:19:04.969,nrf-350916066833768,6.77,6.14,9.72,SAFE
2022-09-13 18:19:04.969,nrf-350916066833768,5.50,5.95,8.51,SAFE
2022-09-13 18:19:04.969,nrf-350916066833768,6.43,5.36,7.71,SAFE
2022-09-13 18:05:08.861,nrf-350916066833768,18.6,15.9,20.6,SAFE
2022-09-13 18:05:08.861,nrf-350916066833768,20.9,15.2,28.6,SAFE
2022-09-13 18:05:08.861,nrf-350916066833768,20.4,18.0,33.5,SAFE
2022-09-13 18:05:08.861,nrf-350916066833768,20.5,17.0,22.3,SAFE
2022-09-13 18:05:08.861,nrf-350916066833768,22.6,19.4,28.9,SAFE
2022-09-13 17:50:44.490,nrf-350916066833768,5.17,4.65,7.72,SAFE
2022-09-13 17:50:44.490,nrf-350916066833768,4.28,4.73,7.17,SAFE
2022-09-13 17:50:44.490,nrf-350916066833768,5.62,5.97,8.87,SAFE
2022-09-13 17:50:44.490,nrf-350916066833768,11.4,11.6,11.7,SAFE
2022-09-13 17:50:44.490,nrf-350916066833768,10.5,12.3,8.59,SAFE
2022-09-13 17:21:07.584,nrf-350916066833768,18.7,25.1,23.3,SAFE
2022-09-13 17:21:07.584,nrf-350916066833768,1.38,0.912,8.91,SAFE
2022-09-13 17:21:07.584,nrf-350916066833768,1.42,0.821,8.70,SAFE
2022-09-13 17:21:07.584,nrf-350916066833768,0.858,0.808,9.34,SAFE
2022-09-13 17:21:07.584,nrf-350916066833768,1.11,0.632,8.82,SAFE
2022-09-13 17:06:18.191,nrf-350916066833768,7.04,9.14,10.2,SAFE
2022-09-13 17:06:18.191,nrf-350916066833768,7.62,8.55,10.3,SAFE
2022-09-13 17:06:18.191,nrf-350916066833768,7.16,8.24,8.12,SAFE
2022-09-13 17:06:18.191,nrf-350916066833768,7.86,9.33,8.87,SAFE
2022-09-13 17:06:18.191,nrf-350916066833768,8.24,9.36,9.93,SAFE
2022-09-13 16:49:27.441,nrf-350916066833768,21.4,11.5,20.9,SAFE
2022-09-13 16:49:27.441,nrf-350916066833768,23.3,20.8,28.6,SAFE
2022-09-13 16:49:27.441,nrf-350916066833768,14.2,11.6,12.3,SAFE
2022-09-13 16:49:27.441,nrf-350916066833768,2.63,1.81,9.51,SAFE
2022-09-13 16:49:27.441,nrf-350916066833768,2.36,1.13,9.32,SAFE
2022-09-13 16:19:59.586,nrf-350916066833768,4.75,4.83,9.08,SAFE
2022-09-13 16:19:59.586,nrf-350916066833768,4.37,4.27,5.81,SAFE
2022-09-13 16:19:59.586,nrf-350916066833768,4.96,4.93,7.39,SAFE
2022-09-13 16:19:59.586,nrf-350916066833768,7.68,8.33,7.67,SAFE
2022-09-13 16:19:59.586,nrf-350916066833768,4.62,5.09,4.75,SAFE
2022-09-13 15:49:11.618,nrf-350916066833768,8.12,3.96,12.0,SAFE
2022-09-13 15:49:11.618,nrf-350916066833768,7.46,6.32,27.5,SAFE
2022-09-13 15:49:11.618,nrf-350916066833768,6.29,4.42,13.4,SAFE
2022-09-13 15:49:11.618,nrf-350916066833768,7.85,8.05,21.0,SAFE
2022-09-13 15:49:11.618,nrf-350916066833768,7.09,4.75,14.7,SAFE
2022-09-13 15:19:55.606,nrf-350916066833768,4.16,3.99,4.74,SAFE
2022-09-13 15:19:55.606,nrf-350916066833768,7.03,6.69,8.60,SAFE
2022-09-13 15:19:55.606,nrf-350916066833768,5.45,5.79,5.58,SAFE
2022-09-13 15:19:55.606,nrf-350916066833768,2.67,2.08,2.39,SAFE
2022-09-13 15:19:55.606,nrf-350916066833768,2.69,2.11,2.45,SAFE
2022-09-13 15:01:57.028,nrf-350916066833768,18.5,11.8,27.1,SAFE
2022-09-13 15:01:57.028,nrf-350916066833768,17.1,16.0,21.0,SAFE
2022-09-13 15:01:57.028,nrf-350916066833768,17.9,17.4,17.9,SAFE
2022-09-13 15:01:57.028,nrf-350916066833768,13.2,15.7,19.9,SAFE
2022-09-13 15:01:57.028,nrf-350916066833768,15.9,18.5,18.9,SAFE
2022-09-13 14:49:47.424,nrf-350916066833768,5.29,3.33,3.62,SAFE
2022-09-13 14:49:47.424,nrf-350916066833768,6.60,4.32,8.79,SAFE
2022-09-13 14:49:47.424,nrf-350916066833768,5.16,4.04,7.15,SAFE
2022-09-13 14:49:47.424,nrf-350916066833768,5.47,4.76,6.22,SAFE
2022-09-13 14:49:47.424,nrf-350916066833768,7.91,7.14,11.6,SAFE
2022-09-13 14:19:11.174,nrf-350916066833768,5.59,4.24,15.1,SAFE
2022-09-13 14:19:11.174,nrf-350916066833768,6.28,5.59,12.5,SAFE
2022-09-13 14:19:11.174,nrf-350916066833768,10.3,7.81,15.7,SAFE
2022-09-13 14:19:11.174,nrf-350916066833768,4.59,2.95,11.0,SAFE
2022-09-13 14:19:11.174,nrf-350916066833768,4.02,2.14,9.46,SAFE
2022-09-13 14:00:58.861,nrf-350916066833768,7.60,9.09,11.8,SAFE
2022-09-13 14:00:58.861,nrf-350916066833768,7.31,7.60,8.29,SAFE
2022-09-13 14:00:58.861,nrf-350916066833768,2.65,2.55,2.39,SAFE
2022-09-13 14:00:58.861,nrf-350916066833768,2.60,2.19,2.40,SAFE
2022-09-13 14:00:58.861,nrf-350916066833768,2.79,2.31,2.45,SAFE
2022-09-13 13:48:03.021,nrf-350916066833768,12.3,6.91,21.6,SAFE
2022-09-13 13:48:03.021,nrf-350916066833768,17.6,15.5,23.3,SAFE
2022-09-13 13:48:03.021,nrf-350916066833768,3.01,2.16,10.2,SAFE
2022-09-13 13:48:03.021,nrf-350916066833768,1.16,0.608,8.95,SAFE
2022-09-13 13:48:03.021,nrf-350916066833768,1.17,0.578,9.13,SAFE
2022-09-13 13:08:57.503,nrf-350916066833768,6.86,7.62,7.99,SAFE
2022-09-13 13:08:57.503,nrf-350916066833768,6.38,6.86,10.5,SAFE
2022-09-13 13:08:57.503,nrf-350916066833768,8.23,10.3,12.8,SAFE
2022-09-13 13:08:57.503,nrf-350916066833768,6.82,6.99,9.54,SAFE
2022-09-13 13:08:57.503,nrf-350916066833768,14.5,12.6,15.4,SAFE
2022-09-13 12:48:27.164,nrf-350916066833768,12.1,4.31,16.1,SAFE
2022-09-13 12:48:27.164,nrf-350916066833768,8.03,6.13,17.5,SAFE
2022-09-13 12:48:27.164,nrf-350916066833768,11.4,5.52,21.7,SAFE
2022-09-13 12:48:27.164,nrf-350916066833768,7.82,7.28,13.9,SAFE
2022-09-13 12:48:27.164,nrf-350916066833768,6.18,4.72,16.6,SAFE
2022-09-13 12:33:46.540,nrf-350916066833768,3.83,3.98,4.35,SAFE
2022-09-13 12:33:46.540,nrf-350916066833768,3.64,3.84,4.00,SAFE
2022-09-13 12:33:46.540,nrf-350916066833768,3.66,4.04,4.15,SAFE
2022-09-13 12:33:46.540,nrf-350916066833768,3.64,3.77,4.13,SAFE
2022-09-13 12:33:46.540,nrf-350916066833768,4.44,4.90,5.01,SAFE
2022-09-13 12:17:48.264,nrf-350916066833768,20.8,10.7,20.0,SAFE
2022-09-13 12:17:48.264,nrf-350916066833768,15.4,16.8,23.0,SAFE
2022-09-13 12:17:48.264,nrf-350916066833768,20.4,15.1,21.5,SAFE
2022-09-13 12:17:48.264,nrf-350916066833768,14.4,11.0,21.6,SAFE
2022-09-13 12:17:48.264,nrf-350916066833768,21.7,14.1,19.9,SAFE
2022-09-13 11:50:09.691,nrf-350916066833768,4.51,4.16,6.01,SAFE
2022-09-13 11:50:09.691,nrf-350916066833768,9.22,9.00,10.5,SAFE
2022-09-13 11:50:09.691,nrf-350916066833768,4.16,3.65,4.92,SAFE
2022-09-13 11:50:09.691,nrf-350916066833768,2.95,2.13,2.24,SAFE
2022-09-13 11:50:09.691,nrf-350916066833768,2.67,2.13,2.44,SAFE
2022-09-13 11:23:12.732,nrf-350916066833768,8.53,8.63,19.8,SAFE
2022-09-13 11:23:12.732,nrf-350916066833768,10.9,7.18,13.6,SAFE
2022-09-13 11:23:12.732,nrf-350916066833768,1.70,0.949,9.48,SAFE
2022-09-13 11:23:12.732,nrf-350916066833768,1.26,0.579,9.26,SAFE
2022-09-13 11:23:12.732,nrf-350916066833768,1.45,0.586,9.27,SAFE
2022-09-13 10:51:24.487,nrf-350916066833768,4.91,4.73,5.60,SAFE
2022-09-13 10:51:24.487,nrf-350916066833768,5.60,4.54,6.20,SAFE
2022-09-13 10:51:24.487,nrf-350916066833768,5.68,4.89,6.67,SAFE
2022-09-13 10:51:24.487,nrf-350916066833768,2.62,2.27,2.13,SAFE
2022-09-13 10:51:24.487,nrf-350916066833768,2.57,2.32,2.35,SAFE
2022-09-13 10:35:33.057,nrf-350916066833768,8.86,7.38,18.4,SAFE
2022-09-13 10:35:33.057,nrf-350916066833768,6.82,3.98,10.0,SAFE
2022-09-13 10:35:33.057,nrf-350916066833768,2.54,0.831,9.23,SAFE
2022-09-13 10:35:33.057,nrf-350916066833768,2.30,0.820,9.16,SAFE
2022-09-13 10:35:33.057,nrf-350916066833768,2.15,0.664,9.00,SAFE
2022-09-13 10:22:45.691,nrf-350916066833768,5.05,5.00,8.45,SAFE
2022-09-13 10:22:45.691,nrf-350916066833768,2.96,2.26,2.46,SAFE
2022-09-13 10:22:45.691,nrf-350916066833768,2.71,2.49,2.71,SAFE
2022-09-13 10:22:45.691,nrf-350916066833768,2.88,2.34,2.57,SAFE
2022-09-13 10:22:45.691,nrf-350916066833768,2.62,2.25,2.54,SAFE
2022-09-13 09:12:11.382,nrf-350916066833768,6.92,5.29,11.7,SAFE
2022-09-13 09:12:11.382,nrf-350916066833768,9.48,4.16,10.8,SAFE
2022-09-13 09:12:11.382,nrf-350916066833768,8.58,3.74,18.4,SAFE
2022-09-13 09:12:11.382,nrf-350916066833768,7.41,4.57,14.9,SAFE
2022-09-13 09:12:11.382,nrf-350916066833768,10.5,6.41,12.2,SAFE
2022-09-13 08:31:44.804,nrf-350916066833768,5.05,4.92,4.65,SAFE
2022-09-13 08:31:44.804,nrf-350916066833768,2.81,2.67,2.33,SAFE
2022-09-13 08:31:44.804,nrf-350916066833768,2.72,2.46,2.56,SAFE
2022-09-13 08:31:44.804,nrf-350916066833768,2.72,2.52,2.43,SAFE
2022-09-13 08:31:44.804,nrf-350916066833768,2.75,2.36,2.32,SAFE
2022-09-13 08:14:00.385,nrf-350916066833768,5.39,3.46,11.7,SAFE
2022-09-13 08:14:00.385,nrf-350916066833768,6.18,3.33,9.52,SAFE
2022-09-13 08:14:00.385,nrf-350916066833768,5.90,2.73,10.6,SAFE
2022-09-13 08:14:00.385,nrf-350916066833768,8.79,2.92,9.26,SAFE
2022-09-13 08:14:00.385,nrf-350916066833768,6.39,3.96,10.7,SAFE
2022-09-13 07:56:59.905,nrf-350916066833768,5.71,4.82,6.61,SAFE
2022-09-13 07:56:59.905,nrf-350916066833768,6.18,5.35,7.18,SAFE
2022-09-13 07:56:59.905,nrf-350916066833768,3.50,3.11,4.23,SAFE
2022-09-13 07:56:59.905,nrf-350916066833768,2.95,2.22,2.35,SAFE
2022-09-13 07:56:59.905,nrf-350916066833768,2.94,2.14,2.30,SAFE
2022-09-13 07:25:25.480,nrf-350916066833768,10.2,10.6,18.5,SAFE
2022-09-13 07:25:25.480,nrf-350916066833768,12.3,9.93,14.8,SAFE
2022-09-13 07:25:25.480,nrf-350916066833768,9.42,6.56,14.3,SAFE
2022-09-13 07:25:25.480,nrf-350916066833768,11.8,11.5,13.5,SAFE
2022-09-13 07:25:25.480,nrf-350916066833768,12.5,11.8,11.8,SAFE
2022-09-13 07:08:09.732,nrf-350916066833768,9.62,11.2,11.8,SAFE
2022-09-13 07:08:09.732,nrf-350916066833768,7.80,9.28,10.0,SAFE
2022-09-13 07:08:09.732,nrf-350916066833768,6.53,7.34,8.74,SAFE
2022-09-13 07:08:09.732,nrf-350916066833768,7.93,8.73,8.38,SAFE
2022-09-13 07:08:09.732,nrf-350916066833768,7.47,8.21,8.09,SAFE
2022-09-13 06:50:57.277,nrf-350916066833768,8.67,6.01,13.6,SAFE
2022-09-13 06:50:57.277,nrf-350916066833768,2.10,0.935,8.91,SAFE
2022-09-13 06:50:57.277,nrf-350916066833768,1.20,0.637,8.88,SAFE
2022-09-13 06:50:57.277,nrf-350916066833768,0.960,0.577,8.98,SAFE
2022-09-13 06:50:57.277,nrf-350916066833768,1.16,0.405,9.01,SAFE
2022-09-13 06:17:50.085,nrf-350916066833768,6.60,6.97,7.02,SAFE
2022-09-13 06:17:50.085,nrf-350916066833768,6.26,6.90,7.20,SAFE
2022-09-13 06:17:50.085,nrf-350916066833768,5.79,6.57,5.80,SAFE
2022-09-13 06:17:50.085,nrf-350916066833768,5.48,5.60,5.99,SAFE
2022-09-13 06:17:50.085,nrf-350916066833768,2.94,2.06,2.37,SAFE
2022-09-13 05:03:45.097,nrf-350916066833768,8.70,4.26,10.5,SAFE
2022-09-13 05:03:45.097,nrf-350916066833768,6.22,3.98,9.51,SAFE
2022-09-13 05:03:45.097,nrf-350916066833768,5.81,2.98,11.3,SAFE
2022-09-13 05:03:45.097,nrf-350916066833768,6.66,5.70,15.1,SAFE
2022-09-13 05:03:45.097,nrf-350916066833768,6.59,4.06,11.2,SAFE
2022-09-13 02:33:55.628,nrf-350916066833768,3.53,3.81,4.04,SAFE
2022-09-13 02:33:55.628,nrf-350916066833768,4.92,4.63,6.41,SAFE
2022-09-13 02:33:55.628,nrf-350916066833768,4.96,5.15,7.76,SAFE
2022-09-13 02:33:55.628,nrf-350916066833768,3.57,3.76,3.98,SAFE
2022-09-13 02:33:55.628,nrf-350916066833768,3.30,3.71,4.54,SAFE
2022-09-13 01:26:15.301,nrf-350916066833768,9.33,5.52,12.5,SAFE
2022-09-13 01:26:15.301,nrf-350916066833768,12.9,6.89,17.1,SAFE
2022-09-13 01:26:15.301,nrf-350916066833768,15.6,8.61,26.1,SAFE
2022-09-13 01:26:15.301,nrf-350916066833768,8.58,5.76,13.9,SAFE
2022-09-13 01:26:15.301,nrf-350916066833768,10.7,5.16,11.6,SAFE
2022-09-13 00:46:16.583,nrf-350916066833768,5.61,5.37,5.98,SAFE
2022-09-13 00:46:16.583,nrf-350916066833768,2.72,2.35,2.57,SAFE
2022-09-13 00:46:16.583,nrf-350916066833768,2.87,2.37,2.49,SAFE
2022-09-13 00:46:16.583,nrf-350916066833768,2.73,2.38,2.71,SAFE
2022-09-13 00:46:16.583,nrf-350916066833768,2.60,2.16,2.39,SAFE
2022-09-13 00:16:41.865,nrf-350916066833768,9.86,3.20,13.0,SAFE
2022-09-13 00:16:41.865,nrf-350916066833768,1.40,0.573,8.92,SAFE
2022-09-13 00:16:41.865,nrf-350916066833768,0.969,0.655,9.04,SAFE
2022-09-13 00:16:41.865,nrf-350916066833768,0.870,0.718,9.04,SAFE
2022-09-13 00:16:41.865,nrf-350916066833768,0.954,0.536,8.71,SAFE
2022-09-12 23:56:35.664,nrf-350916066833768,8.94,8.04,8.53,SAFE
2022-09-12 23:56:35.664,nrf-350916066833768,5.51,5.06,5.21,SAFE
2022-09-12 23:56:35.664,nrf-350916066833768,4.76,4.43,4.81,SAFE
2022-09-12 23:56:35.664,nrf-350916066833768,3.78,3.89,4.32,SAFE
2022-09-12 23:56:35.664,nrf-350916066833768,4.12,4.30,5.29,SAFE
2022-09-12 23:37:30.400,nrf-350916066833768,13.2,10.9,22.2,SAFE
2022-09-12 23:37:30.400,nrf-350916066833768,10.7,10.2,16.6,SAFE
2022-09-12 23:37:30.400,nrf-350916066833768,23.3,12.0,29.1,SAFE
2022-09-12 23:37:30.400,nrf-350916066833768,14.8,10.6,15.7,SAFE
2022-09-12 23:37:30.400,nrf-350916066833768,16.6,12.0,16.2,SAFE
2022-09-12 23:04:07.064,nrf-350916066833768,5.46,5.99,6.95,SAFE
2022-09-12 23:04:07.064,nrf-350916066833768,5.49,6.41,7.53,SAFE
2022-09-12 23:04:07.064,nrf-350916066833768,5.88,6.54,8.57,SAFE
2022-09-12 23:04:07.064,nrf-350916066833768,7.08,7.89,9.11,SAFE
2022-09-12 23:04:07.064,nrf-350916066833768,5.95,6.40,7.83,SAFE
2022-09-12 22:00:35.011,nrf-350916066833768,22.5,20.4,27.6,SAFE
2022-09-12 22:00:35.011,nrf-350916066833768,21.4,18.9,23.7,SAFE
2022-09-12 22:00:35.011,nrf-350916066833768,25.0,25.0,27.8,SAFE
2022-09-12 22:00:35.011,nrf-350916066833768,20.4,16.7,28.2,SAFE
2022-09-12 22:00:35.011,nrf-350916066833768,17.1,11.5,30.1,SAFE
2022-09-12 21:47:28.191,nrf-350916066833768,4.83,5.18,6.71,SAFE
2022-09-12 21:47:28.191,nrf-350916066833768,5.59,5.22,8.46,SAFE
2022-09-12 21:47:28.191,nrf-350916066833768,5.97,6.30,9.64,SAFE
2022-09-12 21:47:28.191,nrf-350916066833768,4.58,5.11,5.16,SAFE
2022-09-12 21:47:28.191,nrf-350916066833768,4.79,5.94,5.84,SAFE
2022-09-12 21:26:08.020,nrf-350916066833768,41.6,15.9,38.7,SAFE
2022-09-12 21:26:08.020,nrf-350916066833768,19.2,6.49,15.7,SAFE
2022-09-12 21:26:08.020,nrf-350916066833768,19.5,3.82,15.2,SAFE
2022-09-12 21:26:08.020,nrf-350916066833768,19.4,3.95,16.1,SAFE
2022-09-12 21:26:08.020,nrf-350916066833768,13.3,3.46,11.8,SAFE
2022-09-12 21:13:18.377,nrf-350916066833768,7.49,7.00,9.91,SAFE
2022-09-12 21:13:18.377,nrf-350916066833768,13.7,10.4,19.2,SAFE
2022-09-12 21:13:18.377,nrf-350916066833768,5.45,5.15,7.74,SAFE
2022-09-12 21:13:18.377,nrf-350916066833768,5.95,6.52,8.72,SAFE
2022-09-12 21:13:18.377,nrf-350916066833768,4.38,4.53,8.48,SAFE
2022-09-12 20:55:32.789,nrf-350916066833768,21.0,11.1,23.2,SAFE
2022-09-12 20:55:32.789,nrf-350916066833768,16.4,12.9,18.8,SAFE
2022-09-12 20:55:32.789,nrf-350916066833768,17.2,16.2,18.2,SAFE
2022-09-12 20:55:32.789,nrf-350916066833768,22.7,11.4,21.0,SAFE
2022-09-12 20:55:32.789,nrf-350916066833768,22.8,14.1,24.7,SAFE
2022-09-12 20:37:48.377,nrf-350916066833768,8.91,8.18,10.9,SAFE
2022-09-12 20:37:48.377,nrf-350916066833768,4.25,4.40,4.88,SAFE
2022-09-12 20:37:48.377,nrf-350916066833768,4.30,4.22,4.57,SAFE
2022-09-12 20:37:48.377,nrf-350916066833768,7.80,6.74,9.45,SAFE
2022-09-12 20:37:48.377,nrf-350916066833768,5.07,5.01,7.22,SAFE
2022-09-12 20:23:44.504,nrf-350916066833768,17.8,15.6,24.5,SAFE
2022-09-12 20:23:44.504,nrf-350916066833768,25.1,19.3,30.4,SAFE
2022-09-12 20:23:44.504,nrf-350916066833768,16.7,11.0,17.9,SAFE
2022-09-12 20:23:44.504,nrf-350916066833768,3.60,2.63,9.48,SAFE
2022-09-12 20:23:44.504,nrf-350916066833768,2.36,1.44,9.21,SAFE
2022-09-12 20:10:33.714,nrf-350916066833768,5.84,7.04,7.64,SAFE
2022-09-12 20:10:33.714,nrf-350916066833768,3.19,3.48,3.36,SAFE
2022-09-12 20:10:33.714,nrf-350916066833768,2.84,2.67,2.76,SAFE
2022-09-12 20:10:33.714,nrf-350916066833768,2.99,2.83,2.58,SAFE
2022-09-12 20:10:33.714,nrf-350916066833768,2.90,2.35,2.54,SAFE
2022-09-12 19:53:03.994,nrf-350916066833768,9.57,6.21,20.5,SAFE
2022-09-12 19:53:03.994,nrf-350916066833768,16.6,5.52,16.9,SAFE
2022-09-12 19:53:03.994,nrf-350916066833768,7.06,6.48,16.9,SAFE
2022-09-12 19:53:03.994,nrf-350916066833768,7.94,5.13,11.1,SAFE
2022-09-12 19:53:03.994,nrf-350916066833768,17.5,5.97,17.7,SAFE
2022-09-12 19:17:36.702,nrf-350916066833768,6.62,8.30,10.0,SAFE
2022-09-12 19:17:36.702,nrf-350916066833768,2.77,2.15,2.06,SAFE
2022-09-12 19:17:36.702,nrf-350916066833768,2.64,2.20,2.40,SAFE
2022-09-12 19:17:36.702,nrf-350916066833768,2.85,2.09,2.48,SAFE
2022-09-12 19:17:36.702,nrf-350916066833768,2.61,2.18,2.36,SAFE
2022-09-12 18:59:53.424,nrf-350916066833768,18.2,24.0,21.4,SAFE
2022-09-12 18:59:53.424,nrf-350916066833768,28.4,12.6,27.2,SAFE
2022-09-12 18:59:53.424,nrf-350916066833768,20.1,15.4,20.2,SAFE
2022-09-12 18:59:53.424,nrf-350916066833768,18.2,18.8,25.7,SAFE
2022-09-12 18:59:53.424,nrf-350916066833768,17.5,16.3,24.9,SAFE
2022-09-12 18:40:03.745,nrf-350916066833768,2.53,2.18,2.30,SAFE
2022-09-12 18:40:03.745,nrf-350916066833768,2.62,2.11,2.11,SAFE
2022-09-12 18:40:03.745,nrf-350916066833768,2.54,2.11,2.25,SAFE
2022-09-12 18:40:03.745,nrf-350916066833768,2.61,2.13,2.48,SAFE
2022-09-12 18:40:03.745,nrf-350916066833768,2.43,2.17,2.12,SAFE
2022-09-12 18:11:37.588,nrf-350916066833768,17.5,9.59,16.8,SAFE
2022-09-12 18:11:37.588,nrf-350916066833768,15.1,10.1,17.1,SAFE
2022-09-12 18:11:37.588,nrf-350916066833768,20.1,11.0,22.0,SAFE
2022-09-12 18:11:37.588,nrf-350916066833768,18.9,14.1,18.9,SAFE
2022-09-12 18:11:37.588,nrf-350916066833768,12.4,9.43,21.7,SAFE
2022-09-12 17:49:43.638,nrf-350916066833768,4.46,5.27,7.32,SAFE
2022-09-12 17:49:43.638,nrf-350916066833768,6.45,5.89,8.49,SAFE
2022-09-12 17:49:43.638,nrf-350916066833768,6.03,5.26,8.52,SAFE
2022-09-12 17:49:43.638,nrf-350916066833768,5.11,5.11,7.12,SAFE
2022-09-12 17:49:43.638,nrf-350916066833768,5.97,4.48,6.99,SAFE
2022-09-12 17:29:22.869,nrf-350916066833768,16.9,16.9,21.2,SAFE
2022-09-12 17:29:22.869,nrf-350916066833768,19.2,20.7,21.7,SAFE
2022-09-12 17:29:22.869,nrf-350916066833768,17.4,14.4,22.4,SAFE
2022-09-12 17:29:22.869,nrf-350916066833768,10.5,9.96,14.5,SAFE
2022-09-12 17:29:22.869,nrf-350916066833768,2.69,1.33,8.61,SAFE
2022-09-12 16:52:17.300,nrf-350916066833768,3.45,3.61,4.24,SAFE
2022-09-12 16:52:17.300,nrf-350916066833768,2.79,2.42,2.53,SAFE
2022-09-12 16:52:17.300,nrf-350916066833768,2.65,2.46,2.62,SAFE
2022-09-12 16:52:17.300,nrf-350916066833768,2.33,2.28,2.48,SAFE
2022-09-12 16:52:17.300,nrf-350916066833768,2.60,2.43,2.63,SAFE
2022-09-12 16:37:23.781,nrf-350916066833768,18.0,13.8,27.4,SAFE
2022-09-12 16:37:23.781,nrf-350916066833768,25.4,15.8,28.1,SAFE
2022-09-12 16:37:23.781,nrf-350916066833768,27.3,24.4,32.5,SAFE
2022-09-12 16:37:23.781,nrf-350916066833768,10.5,9.22,17.5,SAFE
2022-09-12 16:37:23.781,nrf-350916066833768,4.22,3.01,8.95,SAFE
2022-09-12 16:11:51.432,nrf-350916066833768,4.91,5.80,7.09,SAFE
2022-09-12 16:11:51.432,nrf-350916066833768,5.45,6.10,8.18,SAFE
2022-09-12 16:11:51.432,nrf-350916066833768,5.10,5.11,6.88,SAFE
2022-09-12 16:11:51.432,nrf-350916066833768,3.91,4.00,5.30,SAFE
2022-09-12 16:11:51.432,nrf-350916066833768,3.74,4.17,5.27,SAFE
2022-09-12 15:47:59.397,nrf-350916066833768,8.27,6.57,14.4,SAFE
2022-09-12 15:47:59.397,nrf-350916066833768,8.42,7.23,19.9,SAFE
2022-09-12 15:47:59.397,nrf-350916066833768,8.93,5.94,19.2,SAFE
2022-09-12 15:47:59.397,nrf-350916066833768,7.73,4.47,12.9,SAFE
2022-09-12 15:47:59.397,nrf-350916066833768,5.83,4.05,14.9,SAFE
2022-09-12 15:25:18.710,nrf-350916066833768,5.17,5.32,6.50,SAFE
2022-09-12 15:25:18.710,nrf-350916066833768,6.59,6.69,7.92,SAFE
2022-09-12 15:25:18.710,nrf-350916066833768,7.97,6.09,8.64,SAFE
2022-09-12 15:25:18.710,nrf-350916066833768,6.05,6.15,7.41,SAFE
2022-09-12 15:25:18.710,nrf-350916066833768,4.87,3.78,4.38,SAFE
2022-09-12 15:08:01.808,nrf-350916066833768,3.51,3.79,10.4,SAFE
2022-09-12 15:08:01.808,nrf-350916066833768,2.37,1.80,9.41,SAFE
2022-09-12 15:08:01.808,nrf-350916066833768,1.95,1.26,9.07,SAFE
2022-09-12 15:08:01.808,nrf-350916066833768,1.77,1.11,9.24,SAFE
2022-09-12 15:08:01.808,nrf-350916066833768,2.04,0.876,8.94,SAFE
2022-09-12 14:50:37.239,nrf-350916066833768,4.92,3.77,5.85,SAFE
2022-09-12 14:50:37.239,nrf-350916066833768,5.25,4.67,8.98,SAFE
2022-09-12 14:50:37.239,nrf-350916066833768,5.80,5.56,10.5,SAFE
2022-09-12 14:50:37.239,nrf-350916066833768,7.50,7.34,12.9,SAFE
2022-09-12 14:50:37.239,nrf-350916066833768,5.86,6.67,8.72,SAFE
2022-09-12 14:16:35.661,nrf-350916066833768,7.14,3.80,12.6,SAFE
2022-09-12 14:16:35.661,nrf-350916066833768,8.91,4.98,13.3,SAFE
2022-09-12 14:16:35.661,nrf-350916066833768,9.81,4.89,15.5,SAFE
2022-09-12 14:16:35.661,nrf-350916066833768,8.55,5.14,16.3,SAFE
2022-09-12 14:16:35.661,nrf-350916066833768,8.90,8.00,16.6,SAFE
2022-09-12 13:46:55.284,nrf-350916066833768,13.2,12.7,14.4,SAFE
2022-09-12 13:46:55.284,nrf-350916066833768,8.77,7.03,8.58,SAFE
2022-09-12 13:46:55.284,nrf-350916066833768,4.91,5.82,6.63,SAFE
2022-09-12 13:46:55.284,nrf-350916066833768,8.81,9.66,11.6,SAFE
2022-09-12 13:46:55.284,nrf-350916066833768,4.34,5.46,5.68,SAFE
2022-09-12 13:20:04.757,nrf-350916066833768,8.85,7.62,13.0,SAFE
2022-09-12 13:20:04.757,nrf-350916066833768,10.1,3.59,15.1,SAFE
2022-09-12 13:20:04.757,nrf-350916066833768,9.77,5.95,16.2,SAFE
2022-09-12 13:20:04.757,nrf-350916066833768,8.99,5.28,19.6,SAFE
2022-09-12 13:20:04.757,nrf-350916066833768,15.7,6.70,23.2,SAFE
2022-09-12 12:59:04.154,nrf-350916066833768,8.47,9.60,13.5,SAFE
2022-09-12 12:59:04.154,nrf-350916066833768,7.25,8.44,10.9,SAFE
2022-09-12 12:59:04.154,nrf-350916066833768,7.19,9.85,12.5,SAFE
2022-09-12 12:59:04.154,nrf-350916066833768,7.57,9.82,10.6,SAFE
2022-09-12 12:59:04.154,nrf-350916066833768,8.00,8.83,9.91,SAFE
2022-09-12 12:44:45.397,nrf-350916066833768,25.2,20.3,26.8,SAFE
2022-09-12 12:44:45.397,nrf-350916066833768,15.9,17.5,34.1,SAFE
2022-09-12 12:44:45.397,nrf-350916066833768,12.5,9.18,19.2,SAFE
2022-09-12 12:44:45.397,nrf-350916066833768,2.23,1.35,9.22,SAFE
2022-09-12 12:44:45.397,nrf-350916066833768,2.18,0.901,8.77,SAFE
2022-09-12 12:17:00.289,nrf-350916066833768,7.13,6.14,8.67,SAFE
2022-09-12 12:17:00.289,nrf-350916066833768,2.72,2.47,2.71,SAFE
2022-09-12 12:17:00.289,nrf-350916066833768,2.53,2.34,2.55,SAFE
2022-09-12 12:17:00.289,nrf-350916066833768,2.36,2.33,2.23,SAFE
2022-09-12 12:17:00.289,nrf-350916066833768,2.52,2.42,2.65,SAFE
2022-09-12 11:50:08.194,nrf-350916066833768,8.11,5.88,14.6,SAFE
2022-09-12 11:50:08.194,nrf-350916066833768,7.40,3.97,13.0,SAFE
2022-09-12 11:50:08.194,nrf-350916066833768,7.63,3.45,14.2,SAFE
2022-09-12 11:50:08.194,nrf-350916066833768,3.32,1.59,9.57,SAFE
2022-09-12 11:50:08.194,nrf-350916066833768,2.10,1.04,9.15,SAFE
2022-09-12 11:24:11.535,nrf-350916066833768,7.34,8.19,6.73,SAFE
2022-09-12 11:24:11.535,nrf-350916066833768,6.60,7.53,7.48,SAFE
2022-09-12 11:24:11.535,nrf-350916066833768,6.53,7.77,7.39,SAFE
2022-09-12 11:24:11.535,nrf-350916066833768,6.81,7.51,6.87,SAFE
2022-09-12 11:24:11.535,nrf-350916066833768,6.77,7.44,7.67,SAFE
2022-09-12 10:48:25.205,nrf-350916066833768,7.83,4.19,18.6,SAFE
2022-09-12 10:48:25.205,nrf-350916066833768,9.10,8.26,15.5,SAFE
2022-09-12 10:48:25.205,nrf-350916066833768,13.7,9.04,16.1,SAFE
2022-09-12 10:48:25.205,nrf-350916066833768,5.56,3.08,9.19,SAFE
2022-09-12 10:48:25.205,nrf-350916066833768,4.68,2.03,9.74,SAFE
2022-09-12 10:25:50.190,nrf-350916066833768,6.71,7.32,7.84,SAFE
2022-09-12 10:25:50.190,nrf-350916066833768,7.67,9.61,8.93,SAFE
2022-09-12 10:25:50.190,nrf-350916066833768,7.27,7.70,8.63,SAFE
2022-09-12 10:25:50.190,nrf-350916066833768,3.00,2.83,3.18,SAFE
2022-09-12 10:25:50.190,nrf-350916066833768,2.42,2.07,2.64,SAFE
2022-09-12 10:10:59.059,nrf-350916066833768,23.5,16.4,19.1,SAFE
2022-09-12 10:10:59.059,nrf-350916066833768,26.9,13.4,20.8,SAFE
2022-09-12 10:10:59.059,nrf-350916066833768,15.7,23.5,16.2,SAFE
2022-09-12 10:10:59.059,nrf-350916066833768,20.5,12.7,13.0,SAFE
2022-09-12 10:10:59.059,nrf-350916066833768,16.9,12.3,17.9,SAFE
2022-09-12 09:48:08.460,nrf-350916066833768,7.34,9.56,7.33,SAFE
2022-09-12 09:48:08.460,nrf-350916066833768,6.34,6.69,8.97,SAFE
2022-09-12 09:48:08.460,nrf-350916066833768,6.75,7.09,11.6,SAFE
2022-09-12 09:48:08.460,nrf-350916066833768,3.87,4.72,5.31,SAFE
2022-09-12 09:48:08.460,nrf-350916066833768,7.10,7.91,10.0,SAFE
2022-09-12 09:18:05.677,nrf-350916066833768,9.17,5.05,14.8,SAFE
2022-09-12 09:18:05.677,nrf-350916066833768,12.1,6.58,21.1,SAFE
2022-09-12 09:18:05.677,nrf-350916066833768,1.03,0.828,9.05,SAFE
2022-09-12 09:18:05.677,nrf-350916066833768,1.13,0.573,9.22,SAFE
2022-09-12 09:18:05.677,nrf-350916066833768,0.743,0.584,8.86,SAFE
2022-09-12 09:01:23.485,nrf-350916066833768,6.23,6.98,7.97,SAFE
2022-09-12 09:01:23.485,nrf-350916066833768,6.53,7.84,8.82,SAFE
2022-09-12 09:01:23.485,nrf-350916066833768,6.86,7.32,8.15,SAFE
2022-09-12 09:01:23.485,nrf-350916066833768,6.82,6.96,7.97,SAFE
2022-09-12 09:01:23.485,nrf-350916066833768,6.46,6.86,8.18,SAFE
2022-09-12 08:27:12.623,nrf-350916066833768,19.2,17.5,20.2,SAFE
2022-09-12 08:27:12.623,nrf-350916066833768,29.0,25.5,22.6,SAFE
2022-09-12 08:27:12.623,nrf-350916066833768,29.3,15.8,30.6,SAFE
2022-09-12 08:27:12.623,nrf-350916066833768,7.08,2.03,9.53,SAFE
2022-09-12 08:27:12.623,nrf-350916066833768,7.27,1.89,9.37,SAFE
2022-09-12 07:51:41.569,nrf-350916066833768,5.16,4.91,5.58,SAFE
2022-09-12 07:51:41.569,nrf-350916066833768,5.20,4.57,5.47,SAFE
2022-09-12 07:51:41.569,nrf-350916066833768,2.59,2.18,2.11,SAFE
2022-09-12 07:51:41.569,nrf-350916066833768,2.62,2.10,2.15,SAFE
2022-09-12 07:51:41.569,nrf-350916066833768,2.62,2.17,2.24,SAFE
2022-09-12 06:57:45.293,nrf-350916066833768,23.7,14.3,13.2,SAFE
2022-09-12 06:57:45.293,nrf-350916066833768,18.0,14.4,15.3,SAFE
2022-09-12 06:57:45.293,nrf-350916066833768,12.8,9.31,14.2,SAFE
2022-09-12 06:57:45.293,nrf-350916066833768,13.6,11.3,15.7,SAFE
2022-09-12 06:57:45.293,nrf-350916066833768,15.1,14.7,17.5,SAFE
2022-09-12 06:04:56.546,nrf-350916066833768,3.53,3.32,4.57,SAFE
2022-09-12 06:04:56.546,nrf-350916066833768,3.52,3.25,3.74,SAFE
2022-09-12 06:04:56.546,nrf-350916066833768,3.60,3.75,3.55,SAFE
2022-09-12 06:04:56.546,nrf-350916066833768,3.44,3.13,3.58,SAFE
2022-09-12 06:04:56.546,nrf-350916066833768,3.55,3.44,3.49,SAFE
2022-09-12 05:15:36.061,nrf-350916066833768,16.1,11.3,16.1,SAFE
2022-09-12 05:15:36.061,nrf-350916066833768,9.79,6.89,10.5,SAFE
2022-09-12 05:15:36.061,nrf-350916066833768,11.1,6.75,13.4,SAFE
2022-09-12 05:15:36.061,nrf-350916066833768,10.2,5.41,13.4,SAFE
2022-09-12 05:15:36.061,nrf-350916066833768,14.8,5.88,13.5,SAFE
2022-09-12 04:35:57.349,nrf-350916066833768,2.53,2.16,2.12,SAFE
2022-09-12 04:35:57.349,nrf-350916066833768,2.56,2.09,2.06,SAFE
2022-09-12 04:35:57.349,nrf-350916066833768,2.54,2.18,2.12,SAFE
2022-09-12 04:35:57.349,nrf-350916066833768,2.56,2.29,2.31,SAFE
2022-09-12 04:35:57.349,nrf-350916066833768,2.52,2.21,2.23,SAFE
2022-09-12 01:54:35.658,nrf-350916066833768,15.1,12.7,19.1,SAFE
2022-09-12 01:54:35.658,nrf-350916066833768,11.9,8.96,11.2,SAFE
2022-09-12 01:54:35.658,nrf-350916066833768,10.9,7.73,15.9,SAFE
2022-09-12 01:54:35.658,nrf-350916066833768,14.9,7.24,14.1,SAFE
2022-09-12 01:54:35.658,nrf-350916066833768,5.94,5.55,10.7,SAFE
2022-09-12 01:29:28.037,nrf-350916066833768,11.7,10.9,12.5,SAFE
2022-09-12 01:29:28.037,nrf-350916066833768,17.1,14.4,14.7,SAFE
2022-09-12 01:29:28.037,nrf-350916066833768,11.7,12.4,11.0,SAFE
2022-09-12 01:29:28.037,nrf-350916066833768,11.6,7.96,11.9,SAFE
2022-09-12 01:29:28.037,nrf-350916066833768,18.5,10.7,15.0,SAFE
2022-09-12 00:16:50.610,nrf-350916066833768,11.2,8.32,15.1,SAFE
2022-09-12 00:16:50.610,nrf-350916066833768,12.5,10.6,19.1,SAFE
2022-09-12 00:16:50.610,nrf-350916066833768,4.56,3.23,10.1,SAFE
2022-09-12 00:16:50.610,nrf-350916066833768,1.21,0.546,9.11,SAFE
2022-09-12 00:16:50.610,nrf-350916066833768,1.87,0.655,8.98,SAFE
2022-09-11 22:36:36.814,nrf-350916066833768,3.64,3.46,3.48,SAFE
2022-09-11 22:36:36.814,nrf-350916066833768,5.53,4.94,6.00,SAFE
2022-09-11 22:36:36.814,nrf-350916066833768,3.47,3.47,3.54,SAFE
2022-09-11 22:36:36.814,nrf-350916066833768,3.29,3.33,3.93,SAFE
2022-09-11 22:36:36.814,nrf-350916066833768,5.42,5.33,5.29,SAFE
2022-09-11 22:17:18.814,nrf-350916066833768,9.98,6.09,12.9,SAFE
2022-09-11 22:17:18.814,nrf-350916066833768,4.52,1.82,9.40,SAFE
2022-09-11 22:17:18.814,nrf-350916066833768,4.35,1.49,9.04,SAFE
2022-09-11 22:17:18.814,nrf-350916066833768,3.66,0.977,9.35,SAFE
2022-09-11 22:17:18.814,nrf-350916066833768,4.70,0.954,8.70,SAFE
2022-09-11 21:59:18.066,nrf-350916066833768,6.09,6.16,7.01,SAFE
2022-09-11 21:59:18.066,nrf-350916066833768,2.59,2.21,2.24,SAFE
2022-09-11 21:59:18.066,nrf-350916066833768,2.64,2.31,2.15,SAFE
2022-09-11 21:59:18.066,nrf-350916066833768,2.70,2.08,2.34,SAFE
2022-09-11 21:59:18.066,nrf-350916066833768,2.78,2.18,2.24,SAFE
2022-09-11 21:30:39.034,nrf-350916066833768,27.2,13.9,23.7,SAFE
2022-09-11 21:30:39.034,nrf-350916066833768,12.3,10.00,16.0,SAFE
2022-09-11 21:30:39.034,nrf-350916066833768,13.8,7.98,11.1,SAFE
2022-09-11 21:30:39.034,nrf-350916066833768,3.69,5.38,10.2,SAFE
2022-09-11 21:30:39.034,nrf-350916066833768,1.59,0.909,8.99,SAFE
2022-09-11 21:11:05.151,nrf-350916066833768,5.98,4.41,7.76,SAFE
2022-09-11 21:11:05.151,nrf-350916066833768,4.26,4.14,5.22,SAFE
2022-09-11 21:11:05.151,nrf-350916066833768,4.59,4.68,5.47,SAFE
2022-09-11 21:11:05.151,nrf-350916066833768,12.4,8.96,14.6,SAFE
2022-09-11 21:11:05.151,nrf-350916066833768,4.52,5.48,5.78,SAFE
2022-09-11 20:55:48.804,nrf-350916066833768,18.9,10.1,16.3,SAFE
2022-09-11 20:55:48.804,nrf-350916066833768,14.4,7.88,16.1,SAFE
2022-09-11 20:55:48.804,nrf-350916066833768,19.4,10.7,14.1,SAFE
2022-09-11 20:55:48.804,nrf-350916066833768,15.7,16.6,26.6,SAFE
2022-09-11 20:55:48.804,nrf-350916066833768,14.1,11.0,15.5,SAFE
2022-09-11 20:28:16.930,nrf-350916066833768,6.88,6.20,6.87,SAFE
2022-09-11 20:28:16.930,nrf-350916066833768,6.40,5.84,6.10,SAFE
2022-09-11 20:28:16.930,nrf-350916066833768,6.54,6.30,6.77,SAFE
2022-09-11 20:28:16.930,nrf-350916066833768,4.63,4.60,4.95,SAFE
2022-09-11 20:28:16.930,nrf-350916066833768,2.92,2.35,2.43,SAFE
2022-09-11 20:13:15.851,nrf-350916066833768,21.6,15.3,15.4,SAFE
2022-09-11 20:13:15.851,nrf-350916066833768,9.17,6.88,11.7,SAFE
2022-09-11 20:13:15.851,nrf-350916066833768,2.47,1.52,9.13,SAFE
2022-09-11 20:13:15.851,nrf-350916066833768,2.18,1.17,9.09,SAFE
2022-09-11 20:13:15.851,nrf-350916066833768,1.54,0.796,8.98,SAFE
2022-09-11 19:47:26.850,nrf-350916066833768,5.22,4.15,5.96,SAFE
2022-09-11 19:47:26.850,nrf-350916066833768,4.77,4.48,6.59,SAFE
2022-09-11 19:47:26.850,nrf-350916066833768,5.55,5.25,6.49,SAFE
2022-09-11 19:47:26.850,nrf-350916066833768,5.02,4.78,7.78,SAFE
2022-09-11 19:47:26.850,nrf-350916066833768,4.76,3.98,7.16,SAFE
2022-09-11 19:03:04.815,nrf-350916066833768,8.94,6.08,13.1,SAFE
2022-09-11 19:03:04.815,nrf-350916066833768,10.3,4.95,15.1,SAFE
2022-09-11 19:03:04.815,nrf-350916066833768,5.88,4.14,14.2,SAFE
2022-09-11 19:03:04.815,nrf-350916066833768,6.45,5.13,14.9,SAFE
2022-09-11 19:03:04.815,nrf-350916066833768,7.59,5.32,14.7,SAFE
2022-09-11 18:49:12.082,nrf-350916066833768,4.42,4.20,5.75,SAFE
2022-09-11 18:49:12.082,nrf-350916066833768,2.74,2.12,2.12,SAFE
2022-09-11 18:49:12.082,nrf-350916066833768,2.56,2.10,2.38,SAFE
2022-09-11 18:49:12.082,nrf-350916066833768,2.72,2.14,2.16,SAFE
2022-09-11 18:49:12.082,nrf-350916066833768,2.71,2.07,2.26,SAFE
2022-09-11 18:27:52.202,nrf-350916066833768,18.8,13.0,21.8,SAFE
2022-09-11 18:27:52.202,nrf-350916066833768,15.4,13.5,16.9,SAFE
2022-09-11 18:27:52.202,nrf-350916066833768,17.4,8.37,14.6,SAFE
2022-09-11 18:27:52.202,nrf-350916066833768,1.41,0.679,8.98,SAFE
2022-09-11 18:27:52.202,nrf-350916066833768,1.19,0.697,8.89,SAFE
2022-09-11 17:58:21.650,nrf-350916066833768,6.08,5.22,5.88,SAFE
2022-09-11 17:58:21.650,nrf-350916066833768,5.66,4.69,5.47,SAFE
2022-09-11 17:58:21.650,nrf-350916066833768,5.41,5.08,5.99,SAFE
2022-09-11 17:58:21.650,nrf-350916066833768,5.65,5.22,5.74,SAFE
2022-09-11 17:58:21.650,nrf-350916066833768,5.71,4.87,5.79,SAFE
2022-09-11 17:37:59.674,nrf-350916066833768,49.5,15.0,21.1,SAFE
2022-09-11 17:37:59.674,nrf-350916066833768,15.8,4.91,15.4,SAFE
2022-09-11 17:37:59.674,nrf-350916066833768,8.26,6.84,12.1,SAFE
2022-09-11 17:37:59.674,nrf-350916066833768,12.6,10.7,13.4,SAFE
2022-09-11 17:37:59.674,nrf-350916066833768,11.6,6.23,11.9,SAFE
2022-09-11 17:25:12.953,nrf-350916066833768,3.86,3.75,3.33,SAFE
2022-09-11 17:25:12.953,nrf-350916066833768,2.52,2.23,2.24,SAFE
2022-09-11 17:25:12.953,nrf-350916066833768,2.66,2.08,2.12,SAFE
2022-09-11 17:25:12.953,nrf-350916066833768,2.72,2.13,2.20,SAFE
2022-09-11 17:25:12.953,nrf-350916066833768,2.76,2.28,2.22,SAFE
2022-09-11 17:09:15.224,nrf-350916066833768,13.9,8.48,21.1,SAFE
2022-09-11 17:09:15.224,nrf-350916066833768,13.3,7.50,15.8,SAFE
2022-09-11 17:09:15.224,nrf-350916066833768,12.3,10.1,12.2,SAFE
2022-09-11 17:09:15.224,nrf-350916066833768,20.4,10.5,22.4,SAFE
2022-09-11 17:09:15.224,nrf-350916066833768,12.0,6.20,12.7,SAFE
2022-09-11 16:47:44.809,nrf-350916066833768,6.15,7.56,8.51,SAFE
2022-09-11 16:47:44.809,nrf-350916066833768,2.84,2.47,2.69,SAFE
2022-09-11 16:47:44.809,nrf-350916066833768,2.76,2.27,2.66,SAFE
2022-09-11 16:47:44.809,nrf-350916066833768,2.63,2.36,2.61,SAFE
2022-09-11 16:47:44.809,nrf-350916066833768,2.64,2.30,2.37,SAFE
2022-09-11 16:23:24.584,nrf-350916066833768,25.4,15.1,27.4,SAFE
2022-09-11 16:23:24.584,nrf-350916066833768,31.5,18.8,33.7,SAFE
2022-09-11 16:23:24.584,nrf-350916066833768,25.8,22.2,24.9,SAFE
2022-09-11 16:23:24.584,nrf-350916066833768,9.49,9.20,13.6,SAFE
2022-09-11 16:23:24.584,nrf-350916066833768,1.80,1.15,9.37,SAFE
2022-09-11 16:07:11.761,nrf-350916066833768,9.12,8.62,9.92,SAFE
2022-09-11 16:07:11.761,nrf-350916066833768,8.98,9.25,11.2,SAFE
2022-09-11 16:07:11.761,nrf-350916066833768,8.87,8.89,10.8,SAFE
2022-09-11 16:07:11.761,nrf-350916066833768,8.20,8.92,9.35,SAFE
2022-09-11 16:07:11.761,nrf-350916066833768,2.83,2.32,2.27,SAFE
2022-09-11 15:19:39.900,nrf-350916066833768,5.94,6.46,7.74,SAFE
2022-09-11 15:19:39.900,nrf-350916066833768,6.27,6.01,5.86,SAFE
2022-09-11 15:19:39.900,nrf-350916066833768,8.21,8.10,8.04,SAFE
2022-09-11 15:05:01.721,nrf-350916066833768,18.7,13.5,23.8,SAFE
2022-09-11 15:05:01.721,nrf-350916066833768,19.5,16.4,19.6,SAFE
2022-09-11 15:05:01.721,nrf-350916066833768,28.4,16.6,19.3,SAFE
2022-09-11 15:05:01.721,nrf-350916066833768,3.18,1.18,9.05,SAFE
2022-09-11 15:05:01.721,nrf-350916066833768,2.21,0.748,9.08,SAFE
2022-09-11 14:48:18.680,nrf-350916066833768,5.89,6.26,8.57,SAFE
2022-09-11 14:48:18.680,nrf-350916066833768,8.67,8.71,12.7,SAFE
2022-09-11 14:48:18.680,nrf-350916066833768,14.9,15.1,15.5,SAFE
2022-09-11 14:48:18.680,nrf-350916066833768,3.01,2.59,2.98,SAFE
2022-09-11 14:48:18.680,nrf-350916066833768,2.87,2.56,2.67,SAFE
2022-09-11 14:16:23.466,nrf-350916066833768,17.2,8.63,16.7,SAFE
2022-09-11 14:16:23.466,nrf-350916066833768,5.59,2.74,9.10,SAFE
2022-09-11 14:16:23.466,nrf-350916066833768,3.82,1.75,10.2,SAFE
2022-09-11 14:16:23.466,nrf-350916066833768,3.67,1.60,9.80,SAFE
2022-09-11 14:16:23.466,nrf-350916066833768,3.54,1.23,9.24,SAFE
2022-09-11 13:47:31.349,nrf-350916066833768,9.12,9.55,10.1,SAFE
2022-09-11 13:47:31.349,nrf-350916066833768,7.72,8.60,10.6,SAFE
2022-09-11 13:47:31.349,nrf-350916066833768,8.79,10.8,10.1,SAFE
2022-09-11 13:47:31.349,nrf-350916066833768,2.87,2.73,3.17,SAFE
2022-09-11 13:47:31.349,nrf-350916066833768,2.57,2.42,2.40,SAFE
2022-09-11 13:16:03.397,nrf-350916066833768,1.86,1.48,9.50,SAFE
2022-09-11 13:16:03.397,nrf-350916066833768,1.41,0.735,8.89,SAFE
2022-09-11 13:16:03.397,nrf-350916066833768,1.62,0.777,9.22,SAFE
2022-09-11 13:16:03.397,nrf-350916066833768,1.50,0.803,9.23,SAFE
2022-09-11 13:16:03.397,nrf-350916066833768,1.28,0.995,9.12,SAFE
2022-09-11 12:49:41.935,nrf-350916066833768,5.63,4.87,7.25,SAFE
2022-09-11 12:49:41.935,nrf-350916066833768,5.17,5.06,6.52,SAFE
2022-09-11 12:49:41.935,nrf-350916066833768,4.94,4.74,5.88,SAFE
2022-09-11 12:49:41.935,nrf-350916066833768,5.66,5.93,8.69,SAFE
2022-09-11 12:49:41.935,nrf-350916066833768,10.9,9.26,10.2,SAFE
2022-09-11 12:19:35.816,nrf-350916066833768,8.11,5.08,11.2,SAFE
2022-09-11 12:19:35.816,nrf-350916066833768,11.3,7.85,15.8,SAFE
2022-09-11 12:19:35.816,nrf-350916066833768,4.10,3.03,8.49,SAFE
2022-09-11 12:19:35.816,nrf-350916066833768,3.64,1.97,9.66,SAFE
2022-09-11 12:19:35.816,nrf-350916066833768,4.61,1.31,9.73,SAFE
2022-09-11 11:56:20.667,nrf-350916066833768,7.29,8.06,8.92,SAFE
2022-09-11 11:56:20.667,nrf-350916066833768,6.56,7.18,8.01,SAFE
2022-09-11 11:56:20.667,nrf-350916066833768,6.40,7.21,10.8,SAFE
2022-09-11 11:56:20.667,nrf-350916066833768,7.49,7.77,10.5,SAFE
2022-09-11 11:56:20.667,nrf-350916066833768,10.7,11.0,13.4,SAFE
2022-09-11 11:15:36.196,nrf-350916066833768,19.5,12.3,21.7,SAFE
2022-09-11 11:15:36.196,nrf-350916066833768,1.37,0.839,8.85,SAFE
2022-09-11 11:15:36.196,nrf-350916066833768,1.28,0.670,9.26,SAFE
2022-09-11 11:15:36.196,nrf-350916066833768,2.11,0.999,9.07,SAFE
2022-09-11 11:15:36.196,nrf-350916066833768,0.965,0.772,9.14,SAFE
2022-09-11 10:17:54.455,nrf-350916066833768,7.41,5.66,15.1,SAFE
2022-09-11 10:17:54.455,nrf-350916066833768,8.03,4.76,16.4,SAFE
2022-09-11 10:17:54.455,nrf-350916066833768,12.5,9.01,19.8,SAFE
2022-09-11 10:17:54.455,nrf-350916066833768,6.03,3.37,11.9,SAFE
2022-09-11 10:17:54.455,nrf-350916066833768,4.18,1.75,8.86,SAFE
2022-09-11 10:01:39.734,nrf-350916066833768,6.31,6.62,7.27,SAFE
2022-09-11 10:01:39.734,nrf-350916066833768,6.73,7.98,9.26,SAFE
2022-09-11 10:01:39.734,nrf-350916066833768,7.67,8.09,9.82,SAFE
2022-09-11 10:01:39.734,nrf-350916066833768,6.69,7.53,9.29,SAFE
2022-09-11 10:01:39.734,nrf-350916066833768,7.31,8.15,9.61,SAFE
2022-09-11 09:25:43.348,nrf-350916066833768,19.0,10.0,23.2,SAFE
2022-09-11 09:25:43.348,nrf-350916066833768,15.0,9.22,17.8,SAFE
2022-09-11 09:25:43.348,nrf-350916066833768,2.41,1.20,9.28,SAFE
2022-09-11 09:25:43.348,nrf-350916066833768,2.05,0.710,8.99,SAFE
2022-09-11 09:25:43.348,nrf-350916066833768,1.85,0.646,9.50,SAFE
2022-09-11 08:56:22.591,nrf-350916066833768,20.1,13.9,19.0,SAFE
2022-09-11 08:56:22.591,nrf-350916066833768,6.81,9.21,10.2,SAFE
2022-09-11 08:56:22.591,nrf-350916066833768,6.96,7.71,9.27,SAFE
2022-09-11 08:56:22.591,nrf-350916066833768,7.05,9.24,10.9,SAFE
2022-09-11 08:56:22.591,nrf-350916066833768,7.74,8.57,11.1,SAFE
2022-09-11 08:33:04.006,nrf-350916066833768,10.8,5.94,9.88,SAFE
2022-09-11 08:33:04.006,nrf-350916066833768,5.45,3.09,11.1,SAFE
2022-09-11 08:33:04.006,nrf-350916066833768,6.89,5.38,10.8,SAFE
2022-09-11 08:33:04.006,nrf-350916066833768,7.72,3.98,10.9,SAFE
2022-09-11 08:33:04.006,nrf-350916066833768,6.91,5.24,11.3,SAFE
2022-09-11 08:16:49.577,nrf-350916066833768,6.57,6.17,6.70,SAFE
2022-09-11 08:16:49.577,nrf-350916066833768,2.94,2.48,2.97,SAFE
2022-09-11 08:16:49.577,nrf-350916066833768,3.02,2.68,2.72,SAFE
2022-09-11 08:16:49.577,nrf-350916066833768,2.85,2.44,2.66,SAFE
2022-09-11 08:16:49.577,nrf-350916066833768,2.85,2.36,2.51,SAFE
2022-09-11 07:55:43.325,nrf-350916066833768,18.6,13.1,15.2,SAFE
2022-09-11 07:55:43.325,nrf-350916066833768,22.0,18.4,17.8,SAFE
2022-09-11 07:55:43.325,nrf-350916066833768,20.3,17.6,21.2,SAFE
2022-09-11 07:55:43.325,nrf-350916066833768,18.7,16.5,18.6,SAFE
2022-09-11 07:55:43.325,nrf-350916066833768,17.3,16.5,14.8,SAFE
2022-09-11 07:29:43.492,nrf-350916066833768,9.13,8.42,10.7,SAFE
2022-09-11 07:29:43.492,nrf-350916066833768,7.17,9.45,9.05,SAFE
2022-09-11 07:29:43.492,nrf-350916066833768,2.75,2.22,2.23,SAFE
2022-09-11 07:29:43.492,nrf-350916066833768,2.70,2.17,2.28,SAFE
2022-09-11 07:29:43.492,nrf-350916066833768,2.82,2.27,2.35,SAFE
2022-09-11 06:16:28.922,nrf-350916066833768,11.4,8.35,12.8,SAFE
2022-09-11 06:16:28.922,nrf-350916066833768,3.79,2.20,9.12,SAFE
2022-09-11 06:16:28.922,nrf-350916066833768,3.85,1.69,10.3,SAFE
2022-09-11 06:16:28.922,nrf-350916066833768,3.56,1.47,9.57,SAFE
2022-09-11 06:16:28.922,nrf-350916066833768,2.99,1.23,9.47,SAFE
2022-09-11 05:46:28.179,nrf-350916066833768,5.39,4.14,10.2,SAFE
2022-09-11 05:46:28.179,nrf-350916066833768,5.41,4.54,10.8,SAFE
2022-09-11 05:46:28.179,nrf-350916066833768,4.37,5.23,8.11,SAFE
2022-09-11 05:46:28.179,nrf-350916066833768,4.80,4.91,9.99,SAFE
2022-09-11 05:46:28.179,nrf-350916066833768,5.07,5.10,10.1,SAFE
2022-09-11 04:02:26.658,nrf-350916066833768,13.6,13.5,21.4,SAFE
2022-09-11 04:02:26.658,nrf-350916066833768,13.6,12.1,22.1,SAFE
2022-09-11 04:02:26.658,nrf-350916066833768,18.0,10.1,19.1,SAFE
2022-09-11 04:02:26.658,nrf-350916066833768,26.3,13.1,27.0,SAFE
2022-09-11 04:02:26.658,nrf-350916066833768,20.4,14.2,20.0,SAFE
2022-09-11 00:47:23.281,nrf-350916066833768,4.92,4.50,8.33,SAFE
2022-09-11 00:47:23.281,nrf-350916066833768,12.9,12.8,14.9,SAFE
2022-09-11 00:47:23.281,nrf-350916066833768,4.57,5.38,5.93,SAFE
2022-09-11 00:47:23.281,nrf-350916066833768,2.85,2.47,3.05,SAFE
2022-09-11 00:47:23.281,nrf-350916066833768,2.93,2.33,2.74,SAFE
2022-09-11 00:11:09.175,nrf-350916066833768,10.7,5.93,14.8,SAFE
2022-09-11 00:11:09.175,nrf-350916066833768,8.01,3.84,14.6,SAFE
2022-09-11 00:11:09.175,nrf-350916066833768,10.4,7.93,13.2,SAFE
2022-09-11 00:11:09.175,nrf-350916066833768,8.36,5.05,11.9,SAFE
2022-09-11 00:11:09.175,nrf-350916066833768,9.32,7.23,18.5,SAFE
2022-09-10 23:35:24.492,nrf-350916066833768,5.01,5.74,9.72,SAFE
2022-09-10 23:35:24.492,nrf-350916066833768,3.24,3.31,3.43,SAFE
2022-09-10 23:35:24.492,nrf-350916066833768,2.79,2.26,2.35,SAFE
2022-09-10 23:35:24.492,nrf-350916066833768,2.84,2.20,2.45,SAFE
2022-09-10 23:35:24.492,nrf-350916066833768,2.85,2.21,2.24,SAFE
2022-09-10 22:57:33.329,nrf-350916066833768,15.0,10.3,20.9,SAFE
2022-09-10 22:57:33.329,nrf-350916066833768,13.3,11.2,22.5,SAFE
2022-09-10 22:57:33.329,nrf-350916066833768,22.4,20.9,21.8,SAFE
2022-09-10 22:57:33.329,nrf-350916066833768,25.6,14.0,24.3,SAFE
2022-09-10 22:57:33.329,nrf-350916066833768,15.3,13.2,19.6,SAFE
2022-09-10 22:31:25.705,nrf-350916066833768,6.20,10.8,12.0,SAFE
2022-09-10 22:31:25.705,nrf-350916066833768,11.1,10.8,13.1,SAFE
2022-09-10 22:31:25.705,nrf-350916066833768,4.82,6.21,6.72,SAFE
2022-09-10 22:31:25.705,nrf-350916066833768,6.45,8.41,9.98,SAFE
2022-09-10 22:31:25.705,nrf-350916066833768,10.8,8.78,10.9,SAFE
2022-09-10 21:42:57.429,nrf-350916066833768,24.4,18.4,29.0,SAFE
2022-09-10 21:42:57.429,nrf-350916066833768,14.2,11.6,16.9,SAFE
2022-09-10 21:42:57.429,nrf-350916066833768,8.71,9.00,16.0,SAFE
2022-09-10 21:42:57.429,nrf-350916066833768,1.95,2.37,8.91,SAFE
2022-09-10 21:42:57.429,nrf-350916066833768,1.61,1.71,9.25,SAFE
2022-09-10 21:23:09.147,nrf-350916066833768,4.34,4.92,5.71,SAFE
2022-09-10 21:23:09.147,nrf-350916066833768,4.07,4.68,5.43,SAFE
2022-09-10 21:23:09.147,nrf-350916066833768,4.33,5.38,8.79,SAFE
2022-09-10 21:23:09.147,nrf-350916066833768,7.37,6.58,12.0,SAFE
2022-09-10 21:23:09.147,nrf-350916066833768,5.35,5.32,8.27,SAFE
2022-09-10 20:59:53.511,nrf-350916066833768,10.2,11.1,15.1,SAFE
2022-09-10 20:59:53.511,nrf-350916066833768,11.6,8.01,18.6,SAFE
2022-09-10 20:59:53.511,nrf-350916066833768,11.2,7.10,14.7,SAFE
2022-09-10 20:59:53.511,nrf-350916066833768,13.0,7.17,16.7,SAFE
2022-09-10 20:59:53.511,nrf-350916066833768,10.3,7.66,13.4,SAFE
2022-09-10 20:45:12.766,nrf-350916066833768,7.63,9.36,10.6,SAFE
2022-09-10 20:45:12.766,nrf-350916066833768,7.98,8.85,12.3,SAFE
2022-09-10 20:45:12.766,nrf-350916066833768,7.22,8.22,11.1,SAFE
2022-09-10 20:45:12.766,nrf-350916066833768,4.06,4.72,5.08,SAFE
2022-09-10 20:45:12.766,nrf-350916066833768,2.78,2.02,2.15,SAFE
2022-09-10 20:30:45.908,nrf-350916066833768,33.4,22.4,37.9,SAFE
2022-09-10 20:30:45.908,nrf-350916066833768,32.3,19.1,25.3,SAFE
2022-09-10 20:30:45.908,nrf-350916066833768,38.0,19.9,26.2,SAFE
2022-09-10 20:30:45.908,nrf-350916066833768,5.46,5.68,9.92,SAFE
2022-09-10 20:30:45.908,nrf-350916066833768,4.60,2.59,9.57,SAFE
2022-09-10 20:14:30.059,nrf-350916066833768,8.58,8.42,17.0,SAFE
2022-09-10 20:14:30.059,nrf-350916066833768,5.93,6.71,9.30,SAFE
2022-09-10 20:14:30.059,nrf-350916066833768,8.74,7.48,14.7,SAFE
2022-09-10 20:14:30.059,nrf-350916066833768,4.72,5.46,6.99,SAFE
2022-09-10 20:14:30.059,nrf-350916066833768,4.82,5.86,8.12,SAFE
2022-09-10 19:56:48.935,nrf-350916066833768,8.99,8.22,16.4,SAFE
2022-09-10 19:56:48.935,nrf-350916066833768,1.46,1.00,9.15,SAFE
2022-09-10 19:56:48.935,nrf-350916066833768,0.959,0.748,9.26,SAFE
2022-09-10 19:56:48.935,nrf-350916066833768,1.00,0.674,9.21,SAFE
2022-09-10 19:56:48.935,nrf-350916066833768,0.889,0.563,8.93,SAFE
2022-09-10 19:27:13.487,nrf-350916066833768,6.61,7.83,9.66,SAFE
2022-09-10 19:27:13.487,nrf-350916066833768,6.13,7.93,10.6,SAFE
2022-09-10 19:27:13.487,nrf-350916066833768,6.37,8.06,9.72,SAFE
2022-09-10 19:27:13.487,nrf-350916066833768,3.31,3.90,5.51,SAFE
2022-09-10 19:27:13.487,nrf-350916066833768,2.81,2.26,2.45,SAFE
2022-09-10 18:56:24.441,nrf-350916066833768,10.1,6.86,14.2,SAFE
2022-09-10 18:56:24.441,nrf-350916066833768,4.68,3.66,10.7,SAFE
2022-09-10 18:56:24.441,nrf-350916066833768,4.91,1.84,9.94,SAFE
2022-09-10 18:56:24.441,nrf-350916066833768,5.54,1.62,10.2,SAFE
2022-09-10 18:56:24.441,nrf-350916066833768,2.96,1.54,10.1,SAFE
2022-09-10 18:41:58.925,nrf-350916066833768,6.87,8.20,11.9,SAFE
2022-09-10 18:41:58.925,nrf-350916066833768,7.24,9.44,14.8,SAFE
2022-09-10 18:41:58.925,nrf-350916066833768,6.07,7.23,11.3,SAFE
2022-09-10 18:41:58.925,nrf-350916066833768,2.80,2.12,2.22,SAFE
2022-09-10 18:41:58.925,nrf-350916066833768,2.88,2.29,2.17,SAFE
2022-09-10 17:59:10.020,nrf-350916066833768,29.5,20.5,27.2,SAFE
2022-09-10 17:59:10.020,nrf-350916066833768,17.2,26.7,29.4,SAFE
2022-09-10 17:59:10.020,nrf-350916066833768,19.9,24.2,32.8,SAFE
2022-09-10 17:59:10.020,nrf-350916066833768,27.0,38.0,34.5,SAFE
2022-09-10 17:59:10.020,nrf-350916066833768,29.0,23.8,33.9,SAFE
2022-09-10 17:47:47.837,nrf-350916066833768,5.53,5.96,7.35,SAFE
2022-09-10 17:47:47.837,nrf-350916066833768,2.76,2.53,2.82,SAFE
2022-09-10 17:47:47.837,nrf-350916066833768,2.63,2.41,2.78,SAFE
2022-09-10 17:47:47.837,nrf-350916066833768,2.85,2.52,2.69,SAFE
2022-09-10 17:47:47.837,nrf-350916066833768,2.71,2.41,2.27,SAFE
2022-09-10 17:24:14.857,nrf-350916066833768,28.0,19.9,29.5,SAFE
2022-09-10 17:24:14.857,nrf-350916066833768,23.0,14.6,20.7,SAFE
2022-09-10 17:24:14.857,nrf-350916066833768,21.1,18.3,26.7,SAFE
2022-09-10 17:24:14.857,nrf-350916066833768,21.4,21.6,20.3,SAFE
2022-09-10 17:24:14.857,nrf-350916066833768,15.4,11.9,16.3,SAFE
2022-09-10 16:38:46.738,nrf-350916066833768,4.22,4.64,6.45,SAFE
2022-09-10 16:38:46.738,nrf-350916066833768,4.18,5.23,7.72,SAFE
2022-09-10 16:38:46.738,nrf-350916066833768,4.33,5.06,7.47,SAFE
2022-09-10 16:38:46.738,nrf-350916066833768,4.30,4.53,5.97,SAFE
2022-09-10 16:38:46.738,nrf-350916066833768,4.22,4.58,5.80,SAFE
2022-09-10 16:23:07.973,nrf-350916066833768,26.6,20.7,25.4,SAFE
2022-09-10 16:23:07.973,nrf-350916066833768,17.0,14.6,20.4,SAFE
2022-09-10 16:23:07.973,nrf-350916066833768,23.4,20.2,23.3,SAFE
2022-09-10 16:23:07.973,nrf-350916066833768,4.69,2.93,10.5,SAFE
2022-09-10 16:23:07.973,nrf-350916066833768,2.75,1.73,9.77,SAFE
2022-09-10 16:09:19.710,nrf-350916066833768,7.43,6.68,11.5,SAFE
2022-09-10 16:09:19.710,nrf-350916066833768,3.63,3.92,5.58,SAFE
2022-09-10 16:09:19.710,nrf-350916066833768,2.70,2.20,2.37,SAFE
2022-09-10 16:09:19.710,nrf-350916066833768,2.59,2.15,2.39,SAFE
2022-09-10 16:09:19.710,nrf-350916066833768,2.57,2.17,2.26,SAFE
2022-09-10 15:48:47.903,nrf-350916066833768,7.48,4.15,13.8,SAFE
2022-09-10 15:48:47.903,nrf-350916066833768,7.92,3.88,9.87,SAFE
2022-09-10 15:48:47.903,nrf-350916066833768,7.98,6.98,35.7,SAFE
2022-09-10 15:48:47.903,nrf-350916066833768,10.1,4.96,20.6,SAFE
2022-09-10 15:48:47.903,nrf-350916066833768,6.24,4.46,14.3,SAFE
2022-09-10 15:25:01.917,nrf-350916066833768,7.41,8.70,10.4,SAFE
2022-09-10 15:25:01.917,nrf-350916066833768,7.80,9.00,10.3,SAFE
2022-09-10 15:25:01.917,nrf-350916066833768,7.94,9.11,10.2,SAFE
2022-09-10 15:25:01.917,nrf-350916066833768,7.28,8.76,9.51,SAFE
2022-09-10 15:25:01.917,nrf-350916066833768,2.71,2.16,2.29,SAFE
2022-09-10 14:48:23.174,nrf-350916066833768,11.2,7.94,11.1,SAFE
2022-09-10 14:48:23.174,nrf-350916066833768,6.74,3.65,10.7,SAFE
2022-09-10 14:48:23.174,nrf-350916066833768,6.51,3.05,10.7,SAFE
2022-09-10 14:48:23.174,nrf-350916066833768,7.10,2.29,10.0,SAFE
2022-09-10 14:48:23.174,nrf-350916066833768,6.29,2.00,9.96,SAFE
2022-09-10 14:03:46.532,nrf-350916066833768,7.42,7.38,9.12,SAFE
2022-09-10 14:03:46.532,nrf-350916066833768,8.89,10.5,13.4,SAFE
2022-09-10 14:03:46.532,nrf-350916066833768,4.41,6.00,6.80,SAFE
2022-09-10 14:03:46.532,nrf-350916066833768,4.21,4.56,4.65,SAFE
2022-09-10 14:03:46.532,nrf-350916066833768,4.10,4.39,5.30,SAFE
2022-09-08 21:34:01.300,nrf-350916066833768,11.8,14.5,13.8,SAFE
2022-09-08 21:34:01.300,nrf-350916066833768,4.37,3.68,4.59,SAFE
2022-09-08 21:34:01.300,nrf-350916066833768,5.27,4.94,5.81,SAFE
2022-09-08 21:34:01.300,nrf-350916066833768,4.74,4.36,6.62,SAFE
2022-09-08 21:34:01.300,nrf-350916066833768,2.86,2.46,2.38,SAFE
2022-09-08 20:47:12.380,nrf-350916066833768,4.50,2.83,12.1,SAFE
2022-09-08 20:47:12.380,nrf-350916066833768,7.41,8.56,17.3,SAFE
2022-09-08 20:47:12.380,nrf-350916066833768,3.20,2.79,13.7,SAFE
2022-09-08 20:47:12.380,nrf-350916066833768,0.895,0.529,9.11,SAFE
2022-09-08 20:47:12.380,nrf-350916066833768,0.960,0.587,9.08,SAFE
2022-09-08 20:25:04.042,nrf-350916066833768,6.11,6.35,7.38,SAFE
2022-09-08 20:25:04.042,nrf-350916066833768,3.57,3.26,3.94,SAFE
2022-09-08 20:25:04.042,nrf-350916066833768,2.85,2.08,2.29,SAFE
2022-09-08 20:25:04.042,nrf-350916066833768,2.62,2.20,2.30,SAFE
2022-09-08 20:25:04.042,nrf-350916066833768,2.60,2.13,2.41,SAFE
2022-09-08 19:57:28.722,nrf-350916066833768,15.5,17.2,17.8,SAFE
2022-09-08 19:57:28.722,nrf-350916066833768,15.8,12.1,14.7,SAFE
2022-09-08 19:57:28.722,nrf-350916066833768,2.11,0.820,8.99,SAFE
2022-09-08 19:57:28.722,nrf-350916066833768,2.03,0.644,9.10,SAFE
2022-09-08 19:57:28.722,nrf-350916066833768,1.74,0.657,9.23,SAFE
2022-09-08 19:02:39.204,nrf-350916066833768,13.6,10.2,23.4,SAFE
2022-09-08 19:02:39.204,nrf-350916066833768,11.0,9.34,16.5,SAFE
2022-09-08 19:02:39.204,nrf-350916066833768,10.0,8.38,16.9,SAFE
2022-09-08 19:02:39.204,nrf-350916066833768,8.09,7.23,12.7,SAFE
2022-09-08 19:02:39.204,nrf-350916066833768,6.28,5.65,7.16,SAFE
2022-09-08 18:20:53.085,nrf-350916066833768,10.5,10.9,10.9,SAFE
2022-09-08 18:20:53.085,nrf-350916066833768,16.3,17.1,15.4,SAFE
2022-09-08 18:20:53.085,nrf-350916066833768,16.8,13.2,19.7,SAFE
2022-09-08 18:20:53.085,nrf-350916066833768,5.90,9.59,9.84,SAFE
2022-09-08 18:20:53.085,nrf-350916066833768,1.92,0.642,8.91,SAFE
2022-09-08 17:51:02.337,nrf-350916066833768,4.12,3.73,6.11,SAFE
2022-09-08 17:51:02.337,nrf-350916066833768,3.91,3.17,4.08,SAFE
2022-09-08 17:51:02.337,nrf-350916066833768,4.49,3.81,5.90,SAFE
2022-09-08 17:51:02.337,nrf-350916066833768,8.18,7.39,8.51,SAFE
2022-09-08 17:51:02.337,nrf-350916066833768,7.70,6.79,8.15,SAFE
2022-09-08 16:59:31.721,nrf-350916066833768,18.2,16.7,14.9,SAFE
2022-09-08 16:59:31.721,nrf-350916066833768,21.1,16.7,22.5,SAFE
2022-09-08 16:59:31.721,nrf-350916066833768,19.5,19.0,19.1,SAFE
2022-09-08 16:59:31.721,nrf-350916066833768,21.2,13.7,22.0,SAFE
2022-09-08 16:59:31.721,nrf-350916066833768,22.8,22.8,30.1,SAFE
2022-09-08 15:48:10.633,nrf-350916066833768,4.39,3.80,4.24,SAFE
2022-09-08 15:48:10.633,nrf-350916066833768,4.29,5.25,7.85,SAFE
2022-09-08 15:48:10.633,nrf-350916066833768,6.09,5.24,9.71,SAFE
2022-09-08 15:48:10.633,nrf-350916066833768,5.36,4.26,7.27,SAFE
2022-09-08 15:48:10.633,nrf-350916066833768,6.36,5.97,10.4,SAFE
2022-09-08 15:24:35.727,nrf-350916066833768,15.2,8.52,12.7,SAFE
2022-09-08 15:24:35.727,nrf-350916066833768,19.2,14.8,17.8,SAFE
2022-09-08 15:24:35.727,nrf-350916066833768,15.5,12.6,18.2,SAFE
2022-09-08 15:24:35.727,nrf-350916066833768,10.2,10.1,13.3,SAFE
2022-09-08 15:24:35.727,nrf-350916066833768,1.51,1.02,9.36,SAFE
2022-09-08 14:51:48.123,nrf-350916066833768,5.86,6.31,8.54,SAFE
2022-09-08 14:51:48.123,nrf-350916066833768,5.32,5.03,5.54,SAFE
2022-09-08 14:51:48.123,nrf-350916066833768,4.27,3.30,5.70,SAFE
2022-09-08 14:51:48.123,nrf-350916066833768,4.59,3.48,5.72,SAFE
2022-09-08 14:51:48.123,nrf-350916066833768,4.24,3.69,6.73,SAFE
2022-09-08 14:22:24.090,nrf-350916066833768,13.2,6.43,16.4,SAFE
2022-09-08 14:22:24.090,nrf-350916066833768,10.6,8.30,15.1,SAFE
2022-09-08 14:22:24.090,nrf-350916066833768,13.0,7.06,16.0,SAFE
2022-09-08 14:22:24.090,nrf-350916066833768,9.99,6.86,11.5,SAFE
2022-09-08 14:22:24.090,nrf-350916066833768,10.8,6.81,14.3,SAFE
2022-09-08 12:47:52.725,nrf-350916066833768,9.68,8.96,9.79,SAFE
2022-09-08 12:47:52.725,nrf-350916066833768,3.13,3.27,2.91,SAFE
2022-09-08 12:47:52.725,nrf-350916066833768,2.84,2.59,2.41,SAFE
2022-09-08 12:47:52.725,nrf-350916066833768,2.89,2.36,2.40,SAFE
2022-09-08 12:47:52.725,nrf-350916066833768,2.78,2.43,2.24,SAFE
2022-09-08 12:22:59.781,nrf-350916066833768,20.2,20.4,20.5,SAFE
2022-09-08 12:22:59.781,nrf-350916066833768,20.4,13.0,18.2,SAFE
2022-09-08 12:22:59.781,nrf-350916066833768,13.6,10.6,10.8,SAFE
2022-09-08 12:22:59.781,nrf-350916066833768,3.08,0.929,8.79,SAFE
2022-09-08 12:22:59.781,nrf-350916066833768,2.01,0.650,9.32,SAFE
2022-09-08 11:51:41.481,nrf-350916066833768,8.89,7.40,10.3,SAFE
2022-09-08 11:51:41.481,nrf-350916066833768,2.96,2.30,2.43,SAFE
2022-09-08 11:51:41.481,nrf-350916066833768,2.71,2.36,2.69,SAFE
2022-09-08 11:51:41.481,nrf-350916066833768,2.78,2.31,2.34,SAFE
2022-09-08 11:51:41.481,nrf-350916066833768,2.74,2.20,2.38,SAFE
2022-09-08 10:48:13.673,nrf-350916066833768,10.2,7.21,13.3,SAFE
2022-09-08 10:48:13.673,nrf-350916066833768,9.04,6.23,15.9,SAFE
2022-09-08 10:48:13.673,nrf-350916066833768,8.73,5.93,15.7,SAFE
2022-09-08 10:48:13.673,nrf-350916066833768,8.94,5.92,13.9,SAFE
2022-09-08 10:48:13.673,nrf-350916066833768,6.74,5.83,13.4,SAFE
2022-09-08 10:11:51.729,nrf-350916066833768,4.45,6.22,7.59,SAFE
2022-09-08 10:11:51.729,nrf-350916066833768,3.68,4.76,4.60,SAFE
2022-09-08 10:11:51.729,nrf-350916066833768,5.28,6.60,8.30,SAFE
2022-09-08 10:11:51.729,nrf-350916066833768,4.13,5.80,7.17,SAFE
2022-09-08 10:11:51.729,nrf-350916066833768,3.54,3.93,4.12,SAFE
2022-09-08 09:46:31.221,nrf-350916066833768,2.87,2.49,9.86,SAFE
2022-09-08 09:46:31.221,nrf-350916066833768,3.55,2.13,11.4,SAFE
2022-09-08 09:46:31.221,nrf-350916066833768,2.43,1.41,9.93,SAFE
2022-09-08 09:46:31.221,nrf-350916066833768,3.56,2.36,10.2,SAFE
2022-09-08 09:46:31.221,nrf-350916066833768,4.98,5.11,13.1,SAFE
2022-09-08 09:30:18.296,nrf-350916066833768,8.69,8.75,11.2,SAFE
2022-09-08 09:30:18.296,nrf-350916066833768,7.42,7.56,9.97,SAFE
2022-09-08 09:30:18.296,nrf-350916066833768,7.18,7.98,9.33,SAFE
2022-09-08 09:30:18.296,nrf-350916066833768,5.63,7.84,9.29,SAFE
2022-09-08 09:30:18.296,nrf-350916066833768,3.75,3.65,4.42,SAFE
2022-09-08 09:15:14.994,nrf-350916066833768,5.86,4.21,11.2,SAFE
2022-09-08 09:15:14.994,nrf-350916066833768,0.958,0.489,9.06,SAFE
2022-09-08 09:15:14.994,nrf-350916066833768,1.07,0.620,9.01,SAFE
2022-09-08 09:15:14.994,nrf-350916066833768,0.918,0.779,9.03,SAFE
2022-09-08 09:15:14.994,nrf-350916066833768,0.875,0.795,9.05,SAFE
2022-09-08 08:49:58.465,nrf-350916066833768,5.83,7.02,9.68,SAFE
2022-09-08 08:49:58.465,nrf-350916066833768,6.06,6.43,9.65,SAFE
2022-09-08 08:49:58.465,nrf-350916066833768,5.95,4.79,7.22,SAFE
2022-09-08 08:49:58.465,nrf-350916066833768,5.74,5.22,7.93,SAFE
2022-09-08 08:49:58.465,nrf-350916066833768,3.72,4.19,5.72,SAFE
2022-09-08 08:24:00.387,nrf-350916066833768,25.7,18.4,23.3,SAFE
2022-09-08 08:24:00.387,nrf-350916066833768,26.0,27.2,28.1,SAFE
2022-09-08 08:24:00.387,nrf-350916066833768,29.9,21.5,30.1,SAFE
2022-09-08 08:24:00.387,nrf-350916066833768,6.36,3.40,10.3,SAFE
2022-09-08 08:24:00.387,nrf-350916066833768,4.51,1.71,9.11,SAFE
2022-09-08 07:48:47.543,nrf-350916066833768,3.78,4.00,6.80,SAFE
2022-09-08 07:48:47.543,nrf-350916066833768,4.30,4.32,7.51,SAFE
2022-09-08 07:48:47.543,nrf-350916066833768,8.10,7.67,13.8,SAFE
2022-09-08 07:48:47.543,nrf-350916066833768,12.7,13.3,12.0,SAFE
2022-09-08 07:48:47.543,nrf-350916066833768,8.74,9.05,10.4,SAFE
2022-09-08 07:19:25.205,nrf-350916066833768,5.29,3.78,18.3,SAFE
2022-09-08 07:19:25.205,nrf-350916066833768,7.09,5.06,30.0,SAFE
2022-09-08 07:19:25.205,nrf-350916066833768,7.26,5.35,19.1,SAFE
2022-09-08 07:19:25.205,nrf-350916066833768,6.06,5.59,13.0,SAFE
2022-09-08 07:19:25.205,nrf-350916066833768,8.91,3.86,15.6,SAFE
2022-09-08 06:54:52.579,nrf-350916066833768,6.01,7.33,8.39,SAFE
2022-09-08 06:54:52.579,nrf-350916066833768,4.14,5.26,6.65,SAFE
2022-09-08 06:54:52.579,nrf-350916066833768,2.91,2.27,2.41,SAFE
2022-09-08 06:54:52.579,nrf-350916066833768,2.73,2.45,2.35,SAFE
2022-09-08 06:54:52.579,nrf-350916066833768,2.88,2.23,2.25,SAFE
2022-09-08 06:42:18.348,nrf-350916066833768,13.2,6.79,16.5,SAFE
2022-09-08 06:42:18.348,nrf-350916066833768,5.70,3.87,10.6,SAFE
2022-09-08 06:42:18.348,nrf-350916066833768,1.33,0.880,9.24,SAFE
2022-09-08 06:42:18.348,nrf-350916066833768,1.75,0.589,9.27,SAFE
2022-09-08 06:42:18.348,nrf-350916066833768,1.15,0.638,8.98,SAFE
2022-09-08 06:29:24.759,nrf-350916066833768,5.00,4.60,8.76,SAFE
2022-09-08 06:29:24.759,nrf-350916066833768,7.02,6.68,12.8,SAFE
2022-09-08 06:29:24.759,nrf-350916066833768,11.3,10.6,11.4,SAFE
2022-09-08 06:29:24.759,nrf-350916066833768,6.07,6.83,10.8,SAFE
2022-09-08 06:29:24.759,nrf-350916066833768,2.80,2.53,2.75,SAFE
2022-09-08 05:47:22.793,nrf-350916066833768,15.1,11.1,23.0,SAFE
2022-09-08 05:47:22.793,nrf-350916066833768,22.2,14.9,21.0,SAFE
2022-09-08 05:47:22.793,nrf-350916066833768,22.6,17.1,22.0,SAFE
2022-09-08 05:47:22.793,nrf-350916066833768,21.6,14.6,21.0,SAFE
2022-09-08 05:47:22.793,nrf-350916066833768,15.1,14.2,19.8,SAFE
2022-09-08 05:27:35.365,nrf-350916066833768,8.12,12.7,12.2,SAFE
2022-09-08 05:27:35.365,nrf-350916066833768,3.72,4.23,4.24,SAFE
2022-09-08 05:27:35.365,nrf-350916066833768,3.53,4.80,5.48,SAFE
2022-09-08 05:27:35.365,nrf-350916066833768,5.60,6.98,8.00,SAFE
2022-09-08 05:27:35.365,nrf-350916066833768,7.85,6.89,8.79,SAFE
2022-09-08 04:47:38.569,nrf-350916066833768,9.38,7.77,12.4,SAFE
2022-09-08 04:47:38.569,nrf-350916066833768,11.4,8.11,17.1,SAFE
2022-09-08 04:47:38.569,nrf-350916066833768,9.08,4.14,13.9,SAFE
2022-09-08 04:47:38.569,nrf-350916066833768,10.7,6.66,16.2,SAFE
2022-09-08 04:47:38.569,nrf-350916066833768,7.58,4.55,13.4,SAFE
2022-09-08 04:31:31.492,nrf-350916066833768,5.68,7.99,6.22,SAFE
2022-09-08 04:31:31.492,nrf-350916066833768,5.04,4.19,6.24,SAFE
2022-09-08 04:31:31.492,nrf-350916066833768,4.15,4.68,4.76,SAFE
2022-09-08 04:31:31.492,nrf-350916066833768,3.97,4.42,4.97,SAFE
2022-09-08 04:31:31.492,nrf-350916066833768,5.23,6.31,9.89,SAFE
2022-09-08 03:47:39.020,nrf-350916066833768,9.55,4.95,11.9,SAFE
2022-09-08 03:47:39.020,nrf-350916066833768,8.73,5.54,13.8,SAFE
2022-09-08 03:47:39.020,nrf-350916066833768,6.66,5.50,13.3,SAFE
2022-09-08 03:47:39.020,nrf-350916066833768,12.5,7.28,14.0,SAFE
2022-09-08 03:47:39.020,nrf-350916066833768,17.6,7.63,20.3,SAFE
2022-09-08 02:29:43.357,nrf-350916066833768,4.41,5.56,6.93,SAFE
2022-09-08 02:29:43.357,nrf-350916066833768,4.13,4.81,6.67,SAFE
2022-09-08 02:29:43.357,nrf-350916066833768,4.13,4.45,6.88,SAFE
2022-09-08 02:29:43.357,nrf-350916066833768,5.34,5.40,8.77,SAFE
2022-09-08 02:29:43.357,nrf-350916066833768,4.13,4.37,4.95,SAFE
2022-09-08 01:44:50.901,nrf-350916066833768,13.3,9.39,14.1,SAFE
2022-09-08 01:44:50.901,nrf-350916066833768,11.1,7.11,15.9,SAFE
2022-09-08 01:44:50.901,nrf-350916066833768,6.23,8.44,12.9,SAFE
2022-09-08 01:44:50.901,nrf-350916066833768,1.65,2.00,9.46,SAFE
2022-09-08 01:44:50.901,nrf-350916066833768,1.30,1.24,9.20,SAFE
2022-09-08 01:16:42.930,nrf-350916066833768,4.33,4.74,5.48,SAFE
2022-09-08 01:16:42.930,nrf-350916066833768,4.07,4.67,5.66,SAFE
2022-09-08 01:16:42.930,nrf-350916066833768,5.36,5.36,7.21,SAFE
2022-09-08 01:16:42.930,nrf-350916066833768,4.72,5.07,6.94,SAFE
2022-09-08 01:16:42.930,nrf-350916066833768,3.91,4.47,5.30,SAFE
2022-09-08 01:01:52.006,nrf-350916066833768,13.1,8.90,19.8,SAFE
2022-09-08 01:01:52.006,nrf-350916066833768,14.3,10.4,17.6,SAFE
2022-09-08 01:01:52.006,nrf-350916066833768,17.6,7.02,14.3,SAFE
2022-09-08 01:01:52.006,nrf-350916066833768,9.92,4.94,12.1,SAFE
2022-09-08 01:01:52.006,nrf-350916066833768,10.6,7.40,14.2,SAFE
2022-09-08 00:46:07.467,nrf-350916066833768,7.75,7.51,10.6,SAFE
2022-09-08 00:46:07.467,nrf-350916066833768,2.68,2.20,2.40,SAFE
2022-09-08 00:46:07.467,nrf-350916066833768,2.68,2.23,2.53,SAFE
2022-09-08 00:46:07.467,nrf-350916066833768,2.81,2.30,2.83,SAFE
2022-09-08 00:46:07.467,nrf-350916066833768,2.78,2.08,2.37,SAFE
2022-09-07 23:49:57.674,nrf-350916066833768,11.0,8.70,18.6,SAFE
2022-09-07 23:49:57.674,nrf-350916066833768,8.43,7.26,13.9,SAFE
2022-09-07 23:49:57.674,nrf-350916066833768,14.3,7.06,16.5,SAFE
2022-09-07 23:49:57.674,nrf-350916066833768,14.0,6.70,15.1,SAFE
2022-09-07 23:49:57.674,nrf-350916066833768,7.40,2.71,10.0,SAFE
2022-09-07 22:59:51.820,nrf-350916066833768,5.72,6.82,7.37,SAFE
2022-09-07 22:59:51.820,nrf-350916066833768,6.63,7.26,8.75,SAFE
2022-09-07 22:59:51.820,nrf-350916066833768,6.71,7.21,7.43,SAFE
2022-09-07 22:59:51.820,nrf-350916066833768,4.11,4.46,4.45,SAFE
2022-09-07 22:59:51.820,nrf-350916066833768,2.82,2.21,2.32,SAFE
2022-09-07 22:47:43.904,nrf-350916066833768,13.2,7.47,16.5,SAFE
2022-09-07 22:47:43.904,nrf-350916066833768,7.50,3.12,10.7,SAFE
2022-09-07 22:47:43.904,nrf-350916066833768,4.88,2.72,9.67,SAFE
2022-09-07 22:47:43.904,nrf-350916066833768,4.95,1.73,9.97,SAFE
2022-09-07 22:47:43.904,nrf-350916066833768,4.72,1.73,9.11,SAFE
2022-09-07 22:16:09.502,nrf-350916066833768,4.02,3.48,5.28,SAFE
2022-09-07 22:16:09.502,nrf-350916066833768,2.66,2.15,2.28,SAFE
2022-09-07 22:16:09.502,nrf-350916066833768,2.93,2.29,2.29,SAFE
2022-09-07 22:16:09.502,nrf-350916066833768,2.75,2.31,2.43,SAFE
2022-09-07 22:16:09.502,nrf-350916066833768,2.86,2.22,2.43,SAFE
2022-09-07 21:59:49.710,nrf-350916066833768,29.5,32.6,26.8,SAFE
2022-09-07 21:59:49.710,nrf-350916066833768,23.7,16.4,23.7,SAFE
2022-09-07 21:59:49.710,nrf-350916066833768,21.6,15.5,38.6,SAFE
2022-09-07 21:59:49.710,nrf-350916066833768,17.8,19.5,26.9,SAFE
2022-09-07 21:59:49.710,nrf-350916066833768,22.1,17.7,25.8,SAFE
2022-09-07 21:42:20.988,nrf-350916066833768,4.42,4.20,4.49,SAFE
2022-09-07 21:42:20.988,nrf-350916066833768,4.24,4.12,4.53,SAFE
2022-09-07 21:42:20.988,nrf-350916066833768,4.91,4.64,5.31,SAFE
2022-09-07 21:42:20.988,nrf-350916066833768,10.5,12.2,16.0,SAFE
2022-09-07 21:42:20.988,nrf-350916066833768,4.31,4.47,5.32,SAFE
2022-09-07 21:20:32.989,nrf-350916066833768,35.9,26.6,35.5,SAFE
2022-09-07 21:20:32.989,nrf-350916066833768,19.5,14.7,17.9,SAFE
2022-09-07 21:20:32.989,nrf-350916066833768,15.7,13.6,18.6,SAFE
2022-09-07 21:20:32.989,nrf-350916066833768,3.31,3.05,9.06,SAFE
2022-09-07 21:20:32.989,nrf-350916066833768,1.37,1.33,9.12,SAFE
2022-09-07 21:04:05.045,nrf-350916066833768,6.63,5.77,8.68,SAFE
2022-09-07 21:04:05.045,nrf-350916066833768,4.61,4.33,5.77,SAFE
2022-09-07 21:04:05.045,nrf-350916066833768,5.88,6.13,8.29,SAFE
2022-09-07 21:04:05.045,nrf-350916066833768,4.90,4.85,5.58,SAFE
2022-09-07 21:04:05.045,nrf-350916066833768,4.36,4.95,7.01,SAFE
2022-09-07 20:51:16.730,nrf-350916066833768,10.9,7.27,14.5,SAFE
2022-09-07 20:51:16.730,nrf-350916066833768,6.92,3.35,10.2,SAFE
2022-09-07 20:51:16.730,nrf-350916066833768,6.19,2.36,10.3,SAFE
2022-09-07 20:51:16.730,nrf-350916066833768,6.22,1.85,9.84,SAFE
2022-09-07 20:51:16.730,nrf-350916066833768,5.18,1.72,9.79,SAFE
2022-09-07 20:36:47.945,nrf-350916066833768,8.39,9.65,10.8,SAFE
2022-09-07 20:36:47.945,nrf-350916066833768,7.61,9.08,11.0,SAFE
2022-09-07 20:36:47.945,nrf-350916066833768,7.42,9.83,11.6,SAFE
2022-09-07 20:36:47.945,nrf-350916066833768,2.85,3.31,5.50,SAFE
2022-09-07 20:36:47.945,nrf-350916066833768,2.79,2.37,2.57,SAFE
2022-09-07 20:17:11.977,nrf-350916066833768,19.6,16.9,20.5,SAFE
2022-09-07 20:17:11.977,nrf-350916066833768,20.0,18.7,17.5,SAFE
2022-09-07 20:17:11.977,nrf-350916066833768,22.3,13.8,22.5,SAFE
2022-09-07 20:17:11.977,nrf-350916066833768,16.5,22.1,31.3,SAFE
2022-09-07 20:17:11.977,nrf-350916066833768,20.5,18.2,25.5,SAFE
2022-09-07 19:49:55.681,nrf-350916066833768,9.04,8.80,10.7,SAFE
2022-09-07 19:49:55.681,nrf-350916066833768,6.46,8.62,10.1,SAFE
2022-09-07 19:49:55.681,nrf-350916066833768,6.71,8.28,8.37,SAFE
2022-09-07 19:49:55.681,nrf-350916066833768,6.82,7.69,9.45,SAFE
2022-09-07 19:49:55.681,nrf-350916066833768,5.31,6.21,6.29,SAFE
2022-09-07 18:47:53.689,nrf-350916066833768,8.27,4.79,15.2,SAFE
2022-09-07 18:47:53.689,nrf-350916066833768,7.79,3.89,12.9,SAFE
2022-09-07 18:47:53.689,nrf-350916066833768,5.29,5.33,14.2,SAFE
2022-09-07 18:47:53.689,nrf-350916066833768,10.9,8.40,14.5,SAFE
2022-09-07 18:47:53.689,nrf-350916066833768,8.43,5.49,13.4,SAFE
2022-09-07 18:28:08.677,nrf-350916066833768,7.77,7.84,8.70,SAFE
2022-09-07 18:28:08.677,nrf-350916066833768,6.47,7.28,8.81,SAFE
2022-09-07 18:28:08.677,nrf-350916066833768,7.00,7.63,8.85,SAFE
2022-09-07 18:28:08.677,nrf-350916066833768,4.26,4.48,4.48,SAFE
2022-09-07 18:28:08.677,nrf-350916066833768,2.74,2.28,2.33,SAFE
2022-09-07 17:54:59.718,nrf-350916066833768,17.0,13.2,21.1,SAFE
2022-09-07 17:54:59.718,nrf-350916066833768,9.68,5.03,16.4,SAFE
2022-09-07 17:54:59.718,nrf-350916066833768,7.80,6.85,12.3,SAFE
2022-09-07 17:54:59.718,nrf-350916066833768,9.87,5.45,14.4,SAFE
2022-09-07 17:54:59.718,nrf-350916066833768,5.78,4.38,14.1,SAFE
2022-09-07 17:40:00.825,nrf-350916066833768,5.63,7.17,10.3,SAFE
2022-09-07 17:40:00.825,nrf-350916066833768,6.79,8.43,9.12,SAFE
2022-09-07 17:40:00.825,nrf-350916066833768,6.48,8.25,8.77,SAFE
2022-09-07 17:40:00.825,nrf-350916066833768,8.20,9.57,14.4,SAFE
2022-09-07 17:40:00.825,nrf-350916066833768,6.36,7.04,6.32,SAFE
2022-09-07 16:47:49.349,nrf-350916066833768,6.59,5.38,13.4,SAFE
2022-09-07 16:47:49.349,nrf-350916066833768,5.18,6.09,15.5,SAFE
2022-09-07 16:47:49.349,nrf-350916066833768,10.5,5.90,16.1,SAFE
2022-09-07 16:47:49.349,nrf-350916066833768,8.52,4.26,16.8,SAFE
2022-09-07 16:47:49.349,nrf-350916066833768,11.6,9.03,13.4,SAFE
2022-09-07 16:00:33.934,nrf-350916066833768,5.13,6.42,6.96,SAFE
2022-09-07 16:00:33.934,nrf-350916066833768,4.20,5.07,4.97,SAFE
2022-09-07 16:00:33.934,nrf-350916066833768,5.63,4.94,4.74,SAFE
2022-09-07 16:00:33.934,nrf-350916066833768,4.91,4.47,5.15,SAFE
2022-09-07 16:00:33.934,nrf-350916066833768,4.76,4.71,5.37,SAFE
2022-09-07 15:44:33.494,nrf-350916066833768,16.8,15.6,20.7,SAFE
2022-09-07 15:44:33.494,nrf-350916066833768,17.0,15.1,20.1,SAFE
2022-09-07 15:44:33.494,nrf-350916066833768,12.5,9.71,15.1,SAFE
2022-09-07 15:44:33.494,nrf-350916066833768,20.0,13.8,21.0,SAFE
2022-09-07 15:44:33.494,nrf-350916066833768,10.2,6.66,13.2,SAFE
2022-09-07 15:17:22.285,nrf-350916066833768,2.72,2.17,2.37,SAFE
2022-09-07 15:17:22.285,nrf-350916066833768,2.80,2.25,2.17,SAFE
2022-09-07 15:17:22.285,nrf-350916066833768,2.68,2.23,2.34,SAFE
2022-09-07 15:17:22.285,nrf-350916066833768,2.59,2.16,2.20,SAFE
2022-09-07 15:17:22.285,nrf-350916066833768,2.70,2.18,2.40,SAFE
2022-09-07 15:00:52.893,nrf-350916066833768,24.6,18.6,35.5,SAFE
2022-09-07 15:00:52.893,nrf-350916066833768,32.9,23.6,35.9,SAFE
2022-09-07 15:00:52.893,nrf-350916066833768,31.7,25.2,33.0,SAFE
2022-09-07 15:00:52.893,nrf-350916066833768,21.6,18.0,25.0,SAFE
2022-09-07 15:00:52.893,nrf-350916066833768,28.2,22.4,33.1,SAFE
2022-09-07 14:48:21.400,nrf-350916066833768,5.28,5.91,6.95,SAFE
2022-09-07 14:48:21.400,nrf-350916066833768,2.84,2.68,2.98,SAFE
2022-09-07 14:48:21.400,nrf-350916066833768,2.83,2.93,2.69,SAFE
2022-09-07 14:48:21.400,nrf-350916066833768,2.72,2.38,2.70,SAFE
2022-09-07 14:48:21.400,nrf-350916066833768,2.68,2.29,2.56,SAFE
2022-09-07 14:24:15.277,nrf-350916066833768,19.8,16.1,20.5,SAFE
2022-09-07 14:24:15.277,nrf-350916066833768,26.4,20.3,29.7,SAFE
2022-09-07 14:24:15.277,nrf-350916066833768,1.80,2.20,9.65,SAFE
2022-09-07 14:24:15.277,nrf-350916066833768,1.58,0.896,9.06,SAFE
2022-09-07 14:24:15.277,nrf-350916066833768,1.38,0.648,9.01,SAFE
2022-09-07 14:12:05.661,nrf-350916066833768,8.01,10.2,14.4,SAFE
2022-09-07 14:12:05.661,nrf-350916066833768,8.96,10.5,13.6,SAFE
2022-09-07 14:12:05.661,nrf-350916066833768,5.04,6.11,7.03,SAFE
2022-09-07 14:12:05.661,nrf-350916066833768,2.70,2.21,2.42,SAFE
2022-09-07 14:12:05.661,nrf-350916066833768,2.64,2.12,2.26,SAFE
2022-09-07 13:26:56.033,nrf-350916066833768,20.0,17.0,21.3,SAFE
2022-09-07 13:26:56.033,nrf-350916066833768,28.4,21.4,27.0,SAFE
2022-09-07 13:26:56.033,nrf-350916066833768,20.0,15.4,27.6,SAFE
2022-09-07 13:26:56.033,nrf-350916066833768,13.5,13.7,23.9,SAFE
2022-09-07 13:26:56.033,nrf-350916066833768,2.39,2.50,9.60,SAFE
2022-09-07 13:10:54.393,nrf-350916066833768,6.98,6.90,8.45,SAFE
2022-09-07 13:10:54.393,nrf-350916066833768,4.27,5.27,5.94,SAFE
2022-09-07 13:10:54.393,nrf-350916066833768,3.41,3.60,4.43,SAFE
2022-09-07 13:10:54.393,nrf-350916066833768,3.71,3.69,4.45,SAFE
2022-09-07 13:10:54.393,nrf-350916066833768,3.59,4.58,4.74,SAFE
2022-09-07 12:49:22.120,nrf-350916066833768,14.9,8.26,19.0,SAFE
2022-09-07 12:49:22.120,nrf-350916066833768,7.38,5.23,10.9,SAFE
2022-09-07 12:49:22.120,nrf-350916066833768,6.71,3.73,10.6,SAFE
2022-09-07 12:49:22.120,nrf-350916066833768,7.42,2.48,9.30,SAFE
2022-09-07 12:49:22.120,nrf-350916066833768,8.32,2.02,9.98,SAFE
2022-09-07 12:34:42.661,nrf-350916066833768,7.27,9.76,10.1,SAFE
2022-09-07 12:34:42.661,nrf-350916066833768,7.75,10.1,11.9,SAFE
2022-09-07 12:34:42.661,nrf-350916066833768,7.62,9.40,10.8,SAFE
2022-09-07 12:34:42.661,nrf-350916066833768,3.22,2.95,3.90,SAFE
2022-09-07 12:34:42.661,nrf-350916066833768,2.85,2.46,2.29,SAFE
2022-09-07 11:48:03.574,nrf-350916066833768,19.0,9.21,25.5,SAFE
2022-09-07 11:48:03.574,nrf-350916066833768,6.99,5.08,14.9,SAFE
2022-09-07 11:48:03.574,nrf-350916066833768,6.74,5.76,16.0,SAFE
2022-09-07 11:48:03.574,nrf-350916066833768,8.22,3.95,13.8,SAFE
2022-09-07 11:48:03.574,nrf-350916066833768,7.24,4.27,12.1,SAFE
2022-09-07 11:30:07.393,nrf-350916066833768,4.15,4.98,5.07,SAFE
2022-09-07 11:30:07.393,nrf-350916066833768,6.49,7.51,8.78,SAFE
2022-09-07 11:30:07.393,nrf-350916066833768,5.30,6.71,7.68,SAFE
2022-09-07 11:30:07.393,nrf-350916066833768,6.88,6.44,7.74,SAFE
2022-09-07 11:30:07.393,nrf-350916066833768,4.65,5.66,5.92,SAFE
2022-09-07 10:47:47.648,nrf-350916066833768,8.25,2.82,11.7,SAFE
2022-09-07 10:47:47.648,nrf-350916066833768,14.6,8.73,16.7,SAFE
2022-09-07 10:47:47.648,nrf-350916066833768,6.03,4.42,11.1,SAFE
2022-09-07 10:47:47.648,nrf-350916066833768,4.80,2.42,10.7,SAFE
2022-09-07 10:47:47.648,nrf-350916066833768,5.56,2.33,9.46,SAFE
2022-09-07 10:18:38.241,nrf-350916066833768,4.09,3.96,5.88,SAFE
2022-09-07 10:18:38.241,nrf-350916066833768,2.83,2.17,2.15,SAFE
2022-09-07 10:18:38.241,nrf-350916066833768,2.77,2.15,2.27,SAFE
2022-09-07 10:18:38.241,nrf-350916066833768,2.84,2.30,2.11,SAFE
2022-09-07 10:18:38.241,nrf-350916066833768,2.67,2.34,2.45,SAFE
2022-09-07 09:50:36.673,nrf-350916066833768,22.1,18.4,20.1,SAFE
2022-09-07 09:50:36.673,nrf-350916066833768,22.2,16.9,31.7,SAFE
2022-09-07 09:50:36.673,nrf-350916066833768,7.62,5.77,11.1,SAFE
2022-09-07 09:50:36.673,nrf-350916066833768,3.21,1.22,9.34,SAFE
2022-09-07 09:50:36.673,nrf-350916066833768,2.78,1.07,9.30,SAFE
2022-09-07 09:09:08.704,nrf-350916066833768,6.79,10.8,10.2,SAFE
2022-09-07 09:09:08.704,nrf-350916066833768,3.77,4.37,4.38,SAFE
2022-09-07 09:09:08.704,nrf-350916066833768,4.23,4.87,6.60,SAFE
2022-09-07 09:09:08.704,nrf-350916066833768,27.7,3.67,4.36,SAFE
2022-09-07 09:09:08.704,nrf-350916066833768,3.90,3.80,4.14,SAFE
2022-09-07 08:48:12.223,nrf-350916066833768,10.3,6.26,16.9,SAFE
2022-09-07 08:48:12.223,nrf-350916066833768,4.95,2.48,10.6,SAFE
2022-09-07 08:48:12.223,nrf-350916066833768,4.01,2.23,8.96,SAFE
2022-09-07 08:48:12.223,nrf-350916066833768,3.82,2.11,9.68,SAFE
2022-09-07 08:48:12.223,nrf-350916066833768,4.02,1.71,9.58,SAFE
2022-09-07 08:18:02.877,nrf-350916066833768,5.91,6.10,9.86,SAFE
2022-09-07 08:18:02.877,nrf-350916066833768,2.62,2.13,2.13,SAFE
2022-09-07 08:18:02.877,nrf-350916066833768,2.73,2.31,2.27,SAFE
2022-09-07 08:18:02.877,nrf-350916066833768,2.69,2.16,2.41,SAFE
2022-09-07 08:18:02.877,nrf-350916066833768,2.92,2.31,2.50,SAFE
2022-09-07 07:49:44.381,nrf-350916066833768,19.2,13.4,22.2,SAFE
2022-09-07 07:49:44.381,nrf-350916066833768,6.97,6.97,16.4,SAFE
2022-09-07 07:49:44.381,nrf-350916066833768,8.21,5.76,17.5,SAFE
2022-09-07 07:49:44.381,nrf-350916066833768,6.21,3.20,14.2,SAFE
2022-09-07 07:49:44.381,nrf-350916066833768,6.62,4.09,13.2,SAFE
2022-09-07 07:32:31.805,nrf-350916066833768,5.26,4.72,8.00,SAFE
2022-09-07 07:32:31.805,nrf-350916066833768,4.27,5.12,7.88,SAFE
2022-09-07 07:32:31.805,nrf-350916066833768,4.94,4.87,6.46,SAFE
2022-09-07 07:32:31.805,nrf-350916066833768,4.47,5.08,5.65,SAFE
2022-09-07 07:32:31.805,nrf-350916066833768,2.74,2.49,2.80,SAFE
2022-09-07 07:13:41.841,nrf-350916066833768,2.37,1.63,9.00,SAFE
2022-09-07 07:13:41.841,nrf-350916066833768,1.94,0.900,9.26,SAFE
2022-09-07 07:13:41.841,nrf-350916066833768,1.59,0.797,9.09,SAFE
2022-09-07 07:13:41.841,nrf-350916066833768,2.28,1.00,9.57,SAFE
2022-09-07 07:13:41.841,nrf-350916066833768,1.60,1.02,9.19,SAFE
2022-09-07 06:55:36.661,nrf-350916066833768,6.42,6.89,7.85,SAFE
2022-09-07 06:55:36.661,nrf-350916066833768,5.83,6.50,6.90,SAFE
2022-09-07 06:55:36.661,nrf-350916066833768,5.58,6.51,7.35,SAFE
2022-09-07 06:55:36.661,nrf-350916066833768,5.97,7.06,7.72,SAFE
2022-09-07 06:55:36.661,nrf-350916066833768,5.68,5.88,7.20,SAFE
2022-09-07 06:39:39.873,nrf-350916066833768,11.6,7.40,13.1,SAFE
2022-09-07 06:39:39.873,nrf-350916066833768,9.71,6.12,14.0,SAFE
2022-09-07 06:39:39.873,nrf-350916066833768,9.90,8.79,22.2,SAFE
2022-09-07 06:39:39.873,nrf-350916066833768,16.8,11.2,17.9,SAFE
2022-09-07 06:39:39.873,nrf-350916066833768,16.2,11.5,21.2,SAFE
2022-09-07 06:24:48.670,nrf-350916066833768,6.07,4.96,7.17,SAFE
2022-09-07 06:24:48.670,nrf-350916066833768,5.05,4.53,8.04,SAFE
2022-09-07 06:24:48.670,nrf-350916066833768,4.17,4.86,5.46,SAFE
2022-09-07 06:24:48.670,nrf-350916066833768,3.74,4.08,5.15,SAFE
2022-09-07 06:24:48.670,nrf-350916066833768,7.24,6.39,9.16,SAFE
2022-09-07 06:04:49.669,nrf-350916066833768,15.2,11.1,18.1,SAFE
2022-09-07 06:04:49.669,nrf-350916066833768,10.9,9.00,16.1,SAFE
2022-09-07 06:04:49.669,nrf-350916066833768,10.9,6.90,14.1,SAFE
2022-09-07 06:04:49.669,nrf-350916066833768,13.0,7.28,16.5,SAFE
2022-09-07 06:04:49.669,nrf-350916066833768,10.5,6.97,17.7,SAFE
2022-09-07 05:47:35.560,nrf-350916066833768,5.77,6.34,7.54,SAFE
2022-09-07 05:47:35.560,nrf-350916066833768,5.60,6.65,7.45,SAFE
2022-09-07 05:47:35.560,nrf-350916066833768,5.85,7.30,8.21,SAFE
2022-09-07 05:47:35.560,nrf-350916066833768,5.99,7.04,8.11,SAFE
2022-09-07 05:47:35.560,nrf-350916066833768,5.38,5.88,7.07,SAFE
2022-09-07 03:12:05.405,nrf-350916066833768,17.2,7.77,14.2,SAFE
2022-09-07 03:12:05.405,nrf-350916066833768,29.3,21.9,19.6,SAFE
2022-09-07 03:12:05.405,nrf-350916066833768,19.9,14.0,23.5,SAFE
2022-09-07 03:12:05.405,nrf-350916066833768,31.9,18.2,28.4,SAFE
2022-09-07 03:12:05.405,nrf-350916066833768,12.8,11.9,14.5,SAFE
2022-09-07 01:56:52.484,nrf-350916066833768,7.15,9.10,8.96,SAFE
2022-09-07 01:56:52.484,nrf-350916066833768,10.5,10.8,13.4,SAFE
2022-09-07 01:56:52.484,nrf-350916066833768,6.39,7.90,8.23,SAFE
2022-09-07 01:56:52.484,nrf-350916066833768,9.04,9.08,11.3,SAFE
2022-09-07 01:56:52.484,nrf-350916066833768,7.68,9.14,10.2,SAFE
2022-09-07 01:28:48.318,nrf-350916066833768,14.7,8.91,17.1,SAFE
2022-09-07 01:28:48.318,nrf-350916066833768,8.62,5.15,12.7,SAFE
2022-09-07 01:28:48.318,nrf-350916066833768,7.98,5.56,11.6,SAFE
2022-09-07 01:28:48.318,nrf-350916066833768,6.59,5.00,12.8,SAFE
2022-09-07 01:28:48.318,nrf-350916066833768,7.25,5.59,11.4,SAFE
2022-09-07 01:10:46.943,nrf-350916066833768,5.21,5.97,7.05,SAFE
2022-09-07 01:10:46.943,nrf-350916066833768,6.71,9.80,10.3,SAFE
2022-09-07 01:10:46.943,nrf-350916066833768,8.92,10.1,13.6,SAFE
2022-09-07 01:10:46.943,nrf-350916066833768,6.25,7.35,10.8,SAFE
2022-09-07 01:10:46.943,nrf-350916066833768,6.28,9.02,10.7,SAFE
2022-09-07 00:46:10.557,nrf-350916066833768,8.46,3.24,12.6,SAFE
2022-09-07 00:46:10.557,nrf-350916066833768,0.944,0.710,9.03,SAFE
2022-09-07 00:46:10.557,nrf-350916066833768,0.989,0.701,9.21,SAFE
2022-09-07 00:46:10.557,nrf-350916066833768,1.12,0.751,8.96,SAFE
2022-09-07 00:46:10.557,nrf-350916066833768,1.61,1.08,9.08,SAFE
2022-09-07 00:19:40.399,nrf-350916066833768,3.23,4.15,7.41,SAFE
2022-09-07 00:19:40.399,nrf-350916066833768,2.79,2.03,2.22,SAFE
2022-09-07 00:19:40.399,nrf-350916066833768,2.85,2.34,2.51,SAFE
2022-09-07 00:19:40.399,nrf-350916066833768,2.79,2.02,2.36,SAFE
2022-09-07 00:19:40.399,nrf-350916066833768,2.74,2.20,2.30,SAFE
2022-09-06 23:43:32.824,nrf-350916066833768,11.6,5.93,14.1,SAFE
2022-09-06 23:43:32.824,nrf-350916066833768,7.65,6.63,11.2,SAFE
2022-09-06 23:43:32.824,nrf-350916066833768,12.0,6.81,14.7,SAFE
2022-09-06 23:43:32.824,nrf-350916066833768,5.21,4.37,12.7,SAFE
2022-09-06 23:43:32.824,nrf-350916066833768,8.14,4.59,12.7,SAFE
2022-09-06 23:25:31.357,nrf-350916066833768,2.98,2.12,2.42,SAFE
2022-09-06 23:25:31.357,nrf-350916066833768,2.71,2.00,2.57,SAFE
2022-09-06 23:25:31.357,nrf-350916066833768,2.82,2.15,2.68,SAFE
2022-09-06 23:25:31.357,nrf-350916066833768,2.68,2.27,2.56,SAFE
2022-09-06 23:25:31.357,nrf-350916066833768,2.76,2.20,2.42,SAFE
2022-09-06 23:08:51.056,nrf-350916066833768,20.3,11.4,18.9,SAFE
2022-09-06 23:08:51.056,nrf-350916066833768,20.8,20.4,22.5,SAFE
2022-09-06 23:08:51.056,nrf-350916066833768,2.76,3.10,9.57,SAFE
2022-09-06 23:08:51.056,nrf-350916066833768,1.46,1.68,9.15,SAFE
2022-09-06 23:08:51.056,nrf-350916066833768,1.74,1.10,9.10,SAFE
2022-09-06 22:53:15.343,nrf-350916066833768,10.1,11.0,15.2,SAFE
2022-09-06 22:53:15.343,nrf-350916066833768,7.05,7.34,9.80,SAFE
2022-09-06 22:53:15.343,nrf-350916066833768,5.96,5.39,7.81,SAFE
2022-09-06 22:53:15.343,nrf-350916066833768,5.20,4.63,7.54,SAFE
2022-09-06 22:53:15.343,nrf-350916066833768,5.27,5.79,9.38,SAFE
2022-09-06 22:16:46.849,nrf-350916066833768,10.7,8.57,14.1,SAFE
2022-09-06 22:16:46.849,nrf-350916066833768,19.7,10.1,15.2,SAFE
2022-09-06 22:16:46.849,nrf-350916066833768,14.3,7.78,14.6,SAFE
2022-09-06 22:16:46.849,nrf-350916066833768,11.1,8.83,17.0,SAFE
2022-09-06 22:16:46.849,nrf-350916066833768,7.54,8.45,12.4,SAFE
2022-09-06 22:03:02.071,nrf-350916066833768,7.47,9.29,13.6,SAFE
2022-09-06 22:03:02.071,nrf-350916066833768,7.74,9.74,12.0,SAFE
2022-09-06 22:03:02.071,nrf-350916066833768,9.24,10.6,11.6,SAFE
2022-09-06 22:03:02.071,nrf-350916066833768,8.26,8.55,11.4,SAFE
2022-09-06 22:03:02.071,nrf-350916066833768,7.03,8.11,10.6,SAFE
2022-09-06 21:37:18.236,nrf-350916066833768,24.2,17.4,22.5,SAFE
2022-09-06 21:37:18.236,nrf-350916066833768,8.22,5.86,13.1,SAFE
2022-09-06 21:37:18.236,nrf-350916066833768,7.56,7.63,11.1,SAFE
2022-09-06 21:37:18.236,nrf-350916066833768,6.03,4.74,11.6,SAFE
2022-09-06 21:37:18.236,nrf-350916066833768,7.29,4.88,11.4,SAFE
2022-09-06 21:17:36.666,nrf-350916066833768,5.36,5.68,7.40,SAFE
2022-09-06 21:17:36.666,nrf-350916066833768,5.83,5.83,8.38,SAFE
2022-09-06 21:17:36.666,nrf-350916066833768,5.90,6.42,8.48,SAFE
2022-09-06 21:17:36.666,nrf-350916066833768,4.70,4.36,6.21,SAFE
2022-09-06 21:17:36.666,nrf-350916066833768,2.92,2.26,2.45,SAFE
2022-09-06 20:51:57.498,nrf-350916066833768,23.5,19.9,18.4,SAFE
2022-09-06 20:51:57.498,nrf-350916066833768,15.4,14.9,16.4,SAFE
2022-09-06 20:51:57.498,nrf-350916066833768,11.1,7.14,13.0,SAFE
2022-09-06 20:51:57.498,nrf-350916066833768,2.28,1.85,9.09,SAFE
2022-09-06 20:51:57.498,nrf-350916066833768,2.12,1.21,8.94,SAFE
2022-09-06 20:18:26.642,nrf-350916066833768,4.47,5.00,7.43,SAFE
2022-09-06 20:18:26.642,nrf-350916066833768,2.89,2.08,2.28,SAFE
2022-09-06 20:18:26.642,nrf-350916066833768,2.97,2.34,2.22,SAFE
2022-09-06 20:18:26.642,nrf-350916066833768,2.61,2.13,2.25,SAFE
2022-09-06 20:18:26.642,nrf-350916066833768,2.83,2.50,2.43,SAFE
2022-09-06 19:48:13.871,nrf-350916066833768,12.3,9.09,14.2,SAFE
2022-09-06 19:48:13.871,nrf-350916066833768,5.09,2.59,9.59,SAFE
2022-09-06 19:48:13.871,nrf-350916066833768,4.53,2.65,8.62,SAFE
2022-09-06 19:48:13.871,nrf-350916066833768,4.03,1.64,10.1,SAFE
2022-09-06 19:48:13.871,nrf-350916066833768,4.25,1.70,9.41,SAFE
2022-09-06 19:25:12.087,nrf-350916066833768,9.77,12.5,13.5,SAFE
2022-09-06 19:25:12.087,nrf-350916066833768,3.20,4.11,4.58,SAFE
2022-09-06 19:25:12.087,nrf-350916066833768,3.27,3.56,3.76,SAFE
2022-09-06 19:25:12.087,nrf-350916066833768,2.88,3.08,3.01,SAFE
2022-09-06 19:25:12.087,nrf-350916066833768,2.98,3.06,2.62,SAFE
2022-09-06 19:04:19.310,nrf-350916066833768,15.4,16.2,15.6,SAFE
2022-09-06 19:04:19.310,nrf-350916066833768,14.6,10.1,15.0,SAFE
2022-09-06 19:04:19.310,nrf-350916066833768,3.48,1.99,9.40,SAFE
2022-09-06 19:04:19.310,nrf-350916066833768,2.04,1.51,8.90,SAFE
2022-09-06 19:04:19.310,nrf-350916066833768,2.15,0.908,9.09,SAFE
2022-09-06 18:36:36.916,nrf-350916066833768,7.72,8.10,11.7,SAFE
2022-09-06 18:36:36.916,nrf-350916066833768,4.71,5.18,7.79,SAFE
2022-09-06 18:36:36.916,nrf-350916066833768,2.80,2.16,2.22,SAFE
2022-09-06 18:36:36.916,nrf-350916066833768,2.71,2.14,2.21,SAFE
2022-09-06 18:36:36.916,nrf-350916066833768,2.74,2.05,2.37,SAFE
2022-09-06 18:25:26.362,nrf-350916066833768,16.8,14.0,22.4,SAFE
2022-09-06 18:25:26.362,nrf-350916066833768,22.9,23.4,20.7,SAFE
2022-09-06 18:25:26.362,nrf-350916066833768,26.2,18.5,18.9,SAFE
2022-09-06 18:25:26.362,nrf-350916066833768,15.3,14.1,19.5,SAFE
2022-09-06 18:25:26.362,nrf-350916066833768,21.0,18.4,22.5,SAFE
2022-09-06 17:42:59.336,nrf-350916066833768,4.86,6.43,7.12,SAFE
2022-09-06 17:42:59.336,nrf-350916066833768,5.75,7.35,9.57,SAFE
2022-09-06 17:42:59.336,nrf-350916066833768,4.81,5.23,7.33,SAFE
2022-09-06 17:42:59.336,nrf-350916066833768,5.05,5.93,8.39,SAFE
2022-09-06 17:42:59.336,nrf-350916066833768,3.89,4.30,5.38,SAFE
2022-09-06 17:08:43.594,nrf-350916066833768,13.1,8.95,13.1,SAFE
2022-09-06 17:08:43.594,nrf-350916066833768,18.6,15.2,16.5,SAFE
2022-09-06 17:08:43.594,nrf-350916066833768,12.7,7.33,16.1,SAFE
2022-09-06 17:08:43.594,nrf-350916066833768,15.1,13.0,17.4,SAFE
2022-09-06 17:08:43.594,nrf-350916066833768,19.1,10.9,18.3,SAFE
2022-09-06 16:40:39.718,nrf-350916066833768,7.85,9.51,10.2,SAFE
2022-09-06 16:40:39.718,nrf-350916066833768,8.06,9.87,11.6,SAFE
2022-09-06 16:40:39.718,nrf-350916066833768,6.60,8.56,10.1,SAFE
2022-09-06 16:40:39.718,nrf-350916066833768,3.05,2.48,2.83,SAFE
2022-09-06 16:40:39.718,nrf-350916066833768,2.76,2.08,2.48,SAFE
2022-09-06 16:19:46.249,nrf-350916066833768,17.8,9.52,18.4,SAFE
2022-09-06 16:19:46.249,nrf-350916066833768,14.3,9.07,14.3,SAFE
2022-09-06 16:19:46.249,nrf-350916066833768,5.18,2.62,10.2,SAFE
2022-09-06 16:19:46.249,nrf-350916066833768,4.37,0.990,9.64,SAFE
2022-09-06 16:19:46.249,nrf-350916066833768,3.05,1.05,9.64,SAFE
2022-09-06 15:42:34.068,nrf-350916066833768,6.71,7.67,10.1,SAFE
2022-09-06 15:42:34.068,nrf-350916066833768,7.13,9.50,10.8,SAFE
2022-09-06 15:42:34.068,nrf-350916066833768,8.12,10.3,10.3,SAFE
2022-09-06 15:42:34.068,nrf-350916066833768,8.25,10.0,13.9,SAFE
2022-09-06 15:42:34.068,nrf-350916066833768,5.18,5.71,6.45,SAFE
2022-09-06 15:27:53.687,nrf-350916066833768,20.8,13.8,17.7,SAFE
2022-09-06 15:27:53.687,nrf-350916066833768,1.78,2.49,9.67,SAFE
2022-09-06 15:27:53.687,nrf-350916066833768,1.83,1.31,9.34,SAFE
2022-09-06 15:27:53.687,nrf-350916066833768,1.30,0.930,9.12,SAFE
2022-09-06 15:27:53.687,nrf-350916066833768,1.37,0.695,9.09,SAFE
2022-09-06 14:41:41.746,nrf-350916066833768,6.95,8.70,12.1,SAFE
2022-09-06 14:41:41.746,nrf-350916066833768,6.77,9.01,11.3,SAFE
2022-09-06 14:41:41.746,nrf-350916066833768,8.04,8.91,12.0,SAFE
2022-09-06 14:41:41.746,nrf-350916066833768,3.61,4.57,6.56,SAFE
2022-09-06 14:41:41.746,nrf-350916066833768,2.76,2.13,2.24,SAFE
2022-09-06 13:42:05.997,nrf-350916066833768,26.5,18.5,21.7,SAFE
2022-09-06 13:42:05.997,nrf-350916066833768,18.9,14.5,21.8,SAFE
2022-09-06 13:42:05.997,nrf-350916066833768,24.1,29.3,26.6,SAFE
2022-09-06 13:42:05.997,nrf-350916066833768,7.56,5.17,11.5,SAFE
2022-09-06 13:42:05.997,nrf-350916066833768,2.12,1.93,9.41,SAFE
2022-09-06 12:56:35.827,nrf-350916066833768,5.85,6.93,7.33,SAFE
2022-09-06 12:56:35.827,nrf-350916066833768,6.30,7.61,8.25,SAFE
2022-09-06 12:56:35.827,nrf-350916066833768,6.36,7.54,8.24,SAFE
2022-09-06 12:56:35.827,nrf-350916066833768,6.92,7.82,9.50,SAFE
2022-09-06 12:56:35.827,nrf-350916066833768,2.82,2.53,2.53,SAFE
2022-09-06 12:42:38.184,nrf-350916066833768,0.309,0.424,9.11,SAFE
2022-09-06 12:42:38.184,nrf-350916066833768,0.316,0.358,9.17,SAFE
2022-09-06 12:42:38.184,nrf-350916066833768,0.285,0.387,9.10,SAFE
2022-09-06 12:42:38.184,nrf-350916066833768,0.304,0.325,9.12,SAFE
2022-09-06 12:42:38.184,nrf-350916066833768,0.306,0.324,9.12,SAFE
2022-09-06 12:23:07.902,nrf-350916066833768,8.31,10.0,11.5,SAFE
2022-09-06 12:23:07.902,nrf-350916066833768,7.71,8.10,11.4,SAFE
2022-09-06 12:23:07.902,nrf-350916066833768,6.86,8.25,11.4,SAFE
2022-09-06 12:23:07.902,nrf-350916066833768,4.67,4.92,6.45,SAFE
2022-09-06 12:23:07.902,nrf-350916066833768,2.67,2.10,2.61,SAFE
2022-09-06 11:49:20.995,nrf-350916066833768,10.2,6.79,15.7,SAFE
2022-09-06 11:49:20.995,nrf-350916066833768,6.40,2.50,11.4,SAFE
2022-09-06 11:49:20.995,nrf-350916066833768,6.16,2.24,9.70,SAFE
2022-09-06 11:49:20.995,nrf-350916066833768,5.26,1.75,9.15,SAFE
2022-09-06 11:49:20.995,nrf-350916066833768,5.75,2.05,9.39,SAFE
2022-09-06 11:24:56.438,nrf-350916066833768,7.20,9.23,8.80,SAFE
2022-09-06 11:24:56.438,nrf-350916066833768,7.40,8.95,9.87,SAFE
2022-09-06 11:24:56.438,nrf-350916066833768,6.22,7.42,8.34,SAFE
2022-09-06 11:24:56.438,nrf-350916066833768,2.77,2.13,2.12,SAFE
2022-09-06 11:24:56.438,nrf-350916066833768,2.77,2.13,2.28,SAFE
2022-09-06 10:46:56.416,nrf-350916066833768,20.6,10.6,18.0,SAFE
2022-09-06 10:46:56.416,nrf-350916066833768,7.85,6.58,12.1,SAFE
2022-09-06 10:46:56.416,nrf-350916066833768,10.3,4.18,13.5,SAFE
2022-09-06 10:46:56.416,nrf-350916066833768,7.67,4.22,14.4,SAFE
2022-09-06 10:46:56.416,nrf-350916066833768,8.74,4.08,11.4,SAFE
2022-09-06 10:23:41.135,nrf-350916066833768,6.63,8.88,12.4,SAFE
2022-09-06 10:23:41.135,nrf-350916066833768,5.93,6.68,8.34,SAFE
2022-09-06 10:23:41.135,nrf-350916066833768,2.88,2.44,2.35,SAFE
2022-09-06 10:23:41.135,nrf-350916066833768,2.69,2.27,2.30,SAFE
2022-09-06 10:23:41.135,nrf-350916066833768,2.91,2.17,2.28,SAFE
2022-09-06 10:09:33.918,nrf-350916066833768,11.2,6.45,11.4,SAFE
2022-09-06 10:09:33.918,nrf-350916066833768,10.9,7.13,13.0,SAFE
2022-09-06 10:09:33.918,nrf-350916066833768,10.5,7.08,12.3,SAFE
2022-09-06 10:09:33.918,nrf-350916066833768,10.3,5.68,13.1,SAFE
2022-09-06 10:09:33.918,nrf-350916066833768,12.8,7.75,11.6,SAFE
2022-09-06 09:53:04.635,nrf-350916066833768,5.25,5.55,6.71,SAFE
2022-09-06 09:53:04.635,nrf-350916066833768,3.09,2.75,3.09,SAFE
2022-09-06 09:53:04.635,nrf-350916066833768,2.91,2.57,3.08,SAFE
2022-09-06 09:53:04.635,nrf-350916066833768,2.75,2.45,2.81,SAFE
2022-09-06 09:53:04.635,nrf-350916066833768,2.98,2.39,2.53,SAFE
2022-09-06 09:32:11.710,nrf-350916066833768,14.2,18.5,16.4,SAFE
2022-09-06 09:32:11.710,nrf-350916066833768,25.6,20.9,19.9,SAFE
2022-09-06 09:32:11.710,nrf-350916066833768,21.8,17.0,25.9,SAFE
2022-09-06 09:32:11.710,nrf-350916066833768,16.6,19.1,22.0,SAFE
2022-09-06 09:32:11.710,nrf-350916066833768,10.1,5.78,13.8,SAFE
2022-09-06 08:42:45.653,nrf-350916066833768,3.33,3.47,4.70,SAFE
2022-09-06 08:42:45.653,nrf-350916066833768,4.10,5.24,5.29,SAFE
2022-09-06 08:42:45.653,nrf-350916066833768,3.11,2.44,3.36,SAFE
2022-09-06 08:42:45.653,nrf-350916066833768,2.72,2.28,2.35,SAFE
2022-09-06 08:42:45.653,nrf-350916066833768,2.64,2.12,2.25,SAFE
2022-09-06 08:15:45.805,nrf-350916066833768,1.62,0.989,9.51,SAFE
2022-09-06 08:15:45.805,nrf-350916066833768,1.29,0.785,9.13,SAFE
2022-09-06 08:15:45.805,nrf-350916066833768,0.986,0.876,9.02,SAFE
2022-09-06 08:15:45.805,nrf-350916066833768,1.20,0.923,9.14,SAFE
2022-09-06 08:15:45.805,nrf-350916066833768,0.813,1.06,9.18,SAFE
2022-09-06 08:02:58.172,nrf-350916066833768,4.63,4.77,5.01,SAFE
2022-09-06 08:02:58.172,nrf-350916066833768,4.14,4.49,6.73,SAFE
2022-09-06 08:02:58.172,nrf-350916066833768,4.62,4.59,7.87,SAFE
2022-09-06 08:02:58.172,nrf-350916066833768,3.76,3.50,5.39,SAFE
2022-09-06 08:02:58.172,nrf-350916066833768,2.82,2.23,2.43,SAFE
2022-09-06 07:47:55.783,nrf-350916066833768,5.99,5.49,12.0,SAFE
2022-09-06 07:47:55.783,nrf-350916066833768,6.20,4.43,12.2,SAFE
2022-09-06 07:47:55.783,nrf-350916066833768,10.7,6.40,13.2,SAFE
2022-09-06 07:47:55.783,nrf-350916066833768,13.2,9.44,13.4,SAFE
2022-09-06 07:47:55.783,nrf-350916066833768,5.18,3.17,9.95,SAFE
2022-09-06 07:21:02.117,nrf-350916066833768,2.92,2.49,5.19,SAFE
2022-09-06 07:21:02.117,nrf-350916066833768,2.76,2.23,2.26,SAFE
2022-09-06 07:21:02.117,nrf-350916066833768,2.64,2.07,2.27,SAFE
2022-09-06 07:21:02.117,nrf-350916066833768,2.66,2.13,2.35,SAFE
2022-09-06 07:21:02.117,nrf-350916066833768,2.69,2.25,2.55,SAFE
2022-09-06 06:47:34.941,nrf-350916066833768,17.7,11.4,19.2,SAFE
2022-09-06 06:47:34.941,nrf-350916066833768,8.94,5.73,12.4,SAFE
2022-09-06 06:47:34.941,nrf-350916066833768,5.35,4.89,11.1,SAFE
2022-09-06 06:47:34.941,nrf-350916066833768,5.68,3.77,11.0,SAFE
2022-09-06 06:47:34.941,nrf-350916066833768,5.91,4.14,11.3,SAFE
2022-09-06 05:46:41.043,nrf-350916066833768,6.69,7.83,10.7,SAFE
2022-09-06 05:46:41.043,nrf-350916066833768,6.09,7.26,8.34,SAFE
2022-09-06 05:46:41.043,nrf-350916066833768,4.09,4.70,5.91,SAFE
2022-09-06 05:46:41.043,nrf-350916066833768,2.72,2.30,2.37,SAFE
2022-09-06 05:46:41.043,nrf-350916066833768,2.87,2.19,2.28,SAFE
2022-09-06 02:13:27.398,nrf-350916066833768,22.1,17.7,27.3,SAFE
2022-09-06 02:13:27.398,nrf-350916066833768,10.9,9.42,14.3,SAFE
2022-09-06 02:13:27.398,nrf-350916066833768,11.4,11.4,11.2,SAFE
2022-09-06 02:13:27.398,nrf-350916066833768,11.2,8.91,14.3,SAFE
2022-09-06 02:13:27.398,nrf-350916066833768,6.82,6.79,12.3,SAFE
2022-09-06 01:56:45.733,nrf-350916066833768,3.83,4.26,5.87,SAFE
2022-09-06 01:56:45.733,nrf-350916066833768,4.86,6.07,6.54,SAFE
2022-09-06 01:56:45.733,nrf-350916066833768,4.45,5.67,6.54,SAFE
2022-09-06 01:56:45.733,nrf-350916066833768,4.37,4.79,6.66,SAFE
2022-09-06 01:56:45.733,nrf-350916066833768,3.64,3.71,4.94,SAFE
2022-09-06 01:31:46.640,nrf-350916066833768,11.9,7.65,11.8,SAFE
2022-09-06 01:31:46.640,nrf-350916066833768,9.27,5.97,11.0,SAFE
2022-09-06 01:31:46.640,nrf-350916066833768,9.82,5.30,11.1,SAFE
2022-09-06 01:31:46.640,nrf-350916066833768,8.98,6.58,10.2,SAFE
2022-09-06 01:31:46.640,nrf-350916066833768,9.02,5.11,13.5,SAFE
2022-09-06 01:00:06.323,nrf-350916066833768,10.0,11.2,11.8,SAFE
2022-09-06 01:00:06.323,nrf-350916066833768,6.03,7.07,9.80,SAFE
2022-09-06 01:00:06.323,nrf-350916066833768,11.9,14.4,18.4,SAFE
2022-09-06 01:00:06.323,nrf-350916066833768,4.93,6.27,7.69,SAFE
2022-09-06 01:00:06.323,nrf-350916066833768,2.91,2.84,4.10,SAFE
2022-09-06 00:46:04.706,nrf-350916066833768,2.58,1.40,9.08,SAFE
2022-09-06 00:46:04.706,nrf-350916066833768,0.925,0.513,8.84,SAFE
2022-09-06 00:46:04.706,nrf-350916066833768,0.972,0.616,9.23,SAFE
2022-09-06 00:46:04.706,nrf-350916066833768,1.15,0.832,9.08,SAFE
2022-09-06 00:46:04.706,nrf-350916066833768,1.21,0.928,9.32,SAFE
2022-09-05 23:37:27.985,nrf-350916066833768,6.82,9.20,10.3,SAFE
2022-09-05 23:37:27.985,nrf-350916066833768,7.66,10.2,11.5,SAFE
2022-09-05 23:37:27.985,nrf-350916066833768,5.43,7.82,6.76,SAFE
2022-09-05 23:37:27.985,nrf-350916066833768,5.96,7.41,6.83,SAFE
2022-09-05 23:37:27.985,nrf-350916066833768,8.84,9.84,11.9,SAFE
2022-09-05 22:55:15.127,nrf-350916066833768,17.4,13.4,18.7,SAFE
2022-09-05 22:55:15.127,nrf-350916066833768,9.34,4.53,14.2,SAFE
2022-09-05 22:55:15.127,nrf-350916066833768,1.40,0.803,9.05,SAFE
2022-09-05 22:55:15.127,nrf-350916066833768,1.35,0.631,9.23,SAFE
2022-09-05 22:55:15.127,nrf-350916066833768,1.12,0.646,9.34,SAFE
2022-09-05 22:33:00.657,nrf-350916066833768,7.22,8.19,10.2,SAFE
2022-09-05 22:33:00.657,nrf-350916066833768,7.09,8.12,8.79,SAFE
2022-09-05 22:33:00.657,nrf-350916066833768,6.58,7.53,8.01,SAFE
2022-09-05 22:33:00.657,nrf-350916066833768,3.06,3.54,3.44,SAFE
2022-09-05 22:33:00.657,nrf-350916066833768,2.71,2.17,2.29,SAFE
2022-09-05 21:49:24.671,nrf-350916066833768,21.8,7.11,17.9,SAFE
2022-09-05 21:49:24.671,nrf-350916066833768,8.02,6.50,14.5,SAFE
2022-09-05 21:49:24.671,nrf-350916066833768,6.89,4.82,15.9,SAFE
2022-09-05 21:49:24.671,nrf-350916066833768,7.71,3.05,11.6,SAFE
2022-09-05 21:49:24.671,nrf-350916066833768,6.89,4.99,10.4,SAFE
2022-09-05 21:34:32.974,nrf-350916066833768,5.26,5.46,6.74,SAFE
2022-09-05 21:34:32.974,nrf-350916066833768,4.45,6.12,7.52,SAFE
2022-09-05 21:34:32.974,nrf-350916066833768,4.56,5.36,7.02,SAFE
2022-09-05 21:34:32.974,nrf-350916066833768,4.83,5.80,6.86,SAFE
2022-09-05 21:34:32.974,nrf-350916066833768,7.57,8.00,12.3,SAFE
2022-09-05 21:13:49.644,nrf-350916066833768,17.7,9.48,15.2,SAFE
2022-09-05 21:13:49.644,nrf-350916066833768,18.6,9.17,15.9,SAFE
2022-09-05 21:13:49.644,nrf-350916066833768,12.7,9.97,17.2,SAFE
2022-09-05 21:13:49.644,nrf-350916066833768,2.30,2.67,10.0,SAFE
2022-09-05 21:13:49.644,nrf-350916066833768,1.85,1.58,9.06,SAFE
2022-09-05 20:42:35.380,nrf-350916066833768,2.72,2.01,2.19,SAFE
2022-09-05 20:42:35.380,nrf-350916066833768,2.72,1.99,2.21,SAFE
2022-09-05 20:42:35.380,nrf-350916066833768,2.77,2.01,2.09,SAFE
2022-09-05 20:42:35.380,nrf-350916066833768,2.81,2.05,2.14,SAFE
2022-09-05 20:42:35.380,nrf-350916066833768,2.91,2.08,2.29,SAFE
2022-09-05 20:17:05.470,nrf-350916066833768,18.3,13.2,15.2,SAFE
2022-09-05 20:17:05.470,nrf-350916066833768,20.3,12.8,20.1,SAFE
2022-09-05 20:17:05.470,nrf-350916066833768,11.1,5.03,11.5,SAFE
2022-09-05 20:17:05.470,nrf-350916066833768,3.13,1.40,9.51,SAFE
2022-09-05 20:17:05.470,nrf-350916066833768,2.83,1.00,9.41,SAFE
2022-09-05 19:48:23.014,nrf-350916066833768,8.49,8.91,10.8,SAFE
2022-09-05 19:48:23.014,nrf-350916066833768,4.20,4.41,7.32,SAFE
2022-09-05 19:48:23.014,nrf-350916066833768,3.88,3.68,7.90,SAFE
2022-09-05 19:48:23.014,nrf-350916066833768,5.35,5.22,7.99,SAFE
2022-09-05 19:48:23.014,nrf-350916066833768,4.76,4.26,10.0,SAFE
2022-09-05 19:17:37.272,nrf-350916066833768,18.3,15.4,16.5,SAFE
2022-09-05 19:17:37.272,nrf-350916066833768,22.7,18.0,18.7,SAFE
2022-09-05 19:17:37.272,nrf-350916066833768,2.88,3.01,9.06,SAFE
2022-09-05 19:17:37.272,nrf-350916066833768,1.58,1.57,9.29,SAFE
2022-09-05 19:17:37.272,nrf-350916066833768,1.70,0.940,8.87,SAFE
2022-09-05 18:42:30.018,nrf-350916066833768,6.98,8.85,11.7,SAFE
2022-09-05 18:42:30.018,nrf-350916066833768,4.13,5.68,7.07,SAFE
2022-09-05 18:42:30.018,nrf-350916066833768,2.66,2.29,2.57,SAFE
2022-09-05 18:42:30.018,nrf-350916066833768,2.75,2.17,2.25,SAFE
2022-09-05 18:42:30.018,nrf-350916066833768,2.65,2.10,2.08,SAFE
2022-09-05 17:23:12.733,nrf-350916066833768,15.9,16.1,16.4,SAFE
2022-09-05 17:23:12.733,nrf-350916066833768,15.4,15.6,17.1,SAFE
2022-09-05 17:23:12.733,nrf-350916066833768,16.8,10.8,18.8,SAFE
2022-09-05 17:23:12.733,nrf-350916066833768,32.9,18.4,20.4,SAFE
2022-09-05 17:23:12.733,nrf-350916066833768,13.5,15.1,20.2,SAFE
2022-09-05 16:47:15.399,nrf-350916066833768,5.70,6.93,8.00,SAFE
2022-09-05 16:47:15.399,nrf-350916066833768,3.18,2.77,3.36,SAFE
2022-09-05 16:47:15.399,nrf-350916066833768,2.94,2.49,2.53,SAFE
2022-09-05 16:47:15.399,nrf-350916066833768,2.66,2.45,2.40,SAFE
2022-09-05 16:47:15.399,nrf-350916066833768,2.91,2.51,2.85,SAFE
2022-09-05 16:22:49.927,nrf-350916066833768,20.4,19.5,19.3,SAFE
2022-09-05 16:22:49.927,nrf-350916066833768,25.2,19.1,24.4,SAFE
2022-09-05 16:22:49.927,nrf-350916066833768,30.2,23.8,25.6,SAFE
2022-09-05 16:22:49.927,nrf-350916066833768,10.2,6.97,12.8,SAFE
2022-09-05 16:22:49.927,nrf-350916066833768,5.12,2.22,9.54,SAFE
2022-09-05 15:58:49.295,nrf-350916066833768,8.04,10.7,14.0,SAFE
2022-09-05 15:58:49.295,nrf-350916066833768,8.63,11.4,16.5,SAFE
2022-09-05 15:58:49.295,nrf-350916066833768,8.63,11.3,15.4,SAFE
2022-09-05 15:58:49.295,nrf-350916066833768,12.2,11.6,18.1,SAFE
2022-09-05 15:58:49.295,nrf-350916066833768,10.4,13.7,15.7,SAFE
2022-09-05 15:25:06.396,nrf-350916066833768,12.8,10.4,13.4,SAFE
2022-09-05 15:25:06.396,nrf-350916066833768,17.9,11.8,16.6,SAFE
2022-09-05 15:25:06.396,nrf-350916066833768,11.7,8.61,15.7,SAFE
2022-09-05 15:25:06.396,nrf-350916066833768,2.83,3.29,9.40,SAFE
2022-09-05 15:25:06.396,nrf-350916066833768,2.16,1.99,9.40,SAFE
2022-09-05 14:56:24.660,nrf-350916066833768,5.86,7.50,8.42,SAFE
2022-09-05 14:56:24.660,nrf-350916066833768,6.74,7.52,8.77,SAFE
2022-09-05 14:56:24.660,nrf-350916066833768,6.27,7.57,10.2,SAFE
2022-09-05 14:56:24.660,nrf-350916066833768,5.90,7.35,8.41,SAFE
2022-09-05 14:56:24.660,nrf-350916066833768,6.97,8.86,9.47,SAFE
2022-09-05 14:41:32.685,nrf-350916066833768,10.9,7.11,12.5,SAFE
2022-09-05 14:41:32.685,nrf-350916066833768,10.2,7.31,14.8,SAFE
2022-09-05 14:41:32.685,nrf-350916066833768,9.15,7.68,12.7,SAFE
2022-09-05 14:41:32.685,nrf-350916066833768,12.0,3.74,13.0,SAFE
2022-09-05 14:41:32.685,nrf-350916066833768,11.5,4.56,10.2,SAFE
2022-09-05 14:25:11.418,nrf-350916066833768,6.39,8.56,12.1,SAFE
2022-09-05 14:25:11.418,nrf-350916066833768,7.05,8.68,11.4,SAFE
2022-09-05 14:25:11.418,nrf-350916066833768,6.81,8.91,13.2,SAFE
2022-09-05 14:25:11.418,nrf-350916066833768,3.84,3.44,5.24,SAFE
2022-09-05 14:25:11.418,nrf-350916066833768,2.78,2.22,2.22,SAFE
2022-09-05 13:47:29.197,nrf-350916066833768,16.1,16.8,20.3,SAFE
2022-09-05 13:47:29.197,nrf-350916066833768,8.26,5.61,16.4,SAFE
2022-09-05 13:47:29.197,nrf-350916066833768,7.95,5.01,12.9,SAFE
2022-09-05 13:47:29.197,nrf-350916066833768,9.35,4.24,12.1,SAFE
2022-09-05 13:47:29.197,nrf-350916066833768,6.84,4.64,12.0,SAFE
2022-09-05 13:22:46.656,nrf-350916066833768,6.87,8.23,11.6,SAFE
2022-09-05 13:22:46.656,nrf-350916066833768,2.77,2.34,2.97,SAFE
2022-09-05 13:22:46.656,nrf-350916066833768,2.61,2.15,2.20,SAFE
2022-09-05 13:22:46.656,nrf-350916066833768,2.88,2.04,1.95,SAFE
2022-09-05 13:22:46.656,nrf-350916066833768,2.73,2.03,2.30,SAFE
2022-09-05 12:57:16.626,nrf-350916066833768,17.6,12.1,18.8,SAFE
2022-09-05 12:57:16.626,nrf-350916066833768,25.1,15.6,18.7,SAFE
2022-09-05 12:57:16.626,nrf-350916066833768,21.2,18.3,24.4,SAFE
2022-09-05 12:57:16.626,nrf-350916066833768,21.4,14.8,20.4,SAFE
2022-09-05 12:57:16.626,nrf-350916066833768,24.7,24.8,21.9,SAFE
2022-09-05 12:21:39.399,nrf-350916066833768,6.86,8.07,9.41,SAFE
2022-09-05 12:21:39.399,nrf-350916066833768,6.90,7.90,9.85,SAFE
2022-09-05 12:21:39.399,nrf-350916066833768,8.26,8.99,11.4,SAFE
2022-09-05 12:21:39.399,nrf-350916066833768,9.16,11.1,12.1,SAFE
2022-09-05 12:21:39.399,nrf-350916066833768,9.46,13.3,14.2,SAFE
2022-09-05 11:41:49.125,nrf-350916066833768,18.6,16.5,17.8,SAFE
2022-09-05 11:41:49.125,nrf-350916066833768,15.2,13.1,23.4,SAFE
2022-09-05 11:41:49.125,nrf-350916066833768,11.8,7.18,15.9,SAFE
2022-09-05 11:41:49.125,nrf-350916066833768,1.57,1.52,8.99,SAFE
2022-09-05 11:41:49.125,nrf-350916066833768,1.40,1.26,9.31,SAFE
2022-09-05 11:26:18.694,nrf-350916066833768,6.52,8.07,9.54,SAFE
2022-09-05 11:26:18.694,nrf-350916066833768,7.03,8.66,10.8,SAFE
2022-09-05 11:26:18.694,nrf-350916066833768,6.05,7.24,8.69,SAFE
2022-09-05 11:26:18.694,nrf-350916066833768,2.57,2.23,2.48,SAFE
2022-09-05 11:26:18.694,nrf-350916066833768,2.64,2.11,2.17,SAFE
2022-09-05 10:23:05.510,nrf-350916066833768,25.4,18.8,18.5,SAFE
2022-09-05 10:23:05.510,nrf-350916066833768,25.8,19.5,19.2,SAFE
2022-09-05 10:23:05.510,nrf-350916066833768,18.9,18.1,21.7,SAFE
2022-09-05 10:23:05.510,nrf-350916066833768,11.5,14.5,16.2,SAFE
2022-09-05 10:23:05.510,nrf-350916066833768,2.26,2.03,9.55,SAFE
2022-09-05 10:11:05.900,nrf-350916066833768,7.43,9.14,13.4,SAFE
2022-09-05 10:11:05.900,nrf-350916066833768,6.86,8.76,11.1,SAFE
2022-09-05 10:11:05.900,nrf-350916066833768,7.44,9.53,14.2,SAFE
2022-09-05 10:11:05.900,nrf-350916066833768,7.30,9.42,13.5,SAFE
2022-09-05 10:11:05.900,nrf-350916066833768,6.27,7.46,10.5,SAFE
2022-09-05 09:49:29.579,nrf-350916066833768,21.7,12.3,18.9,SAFE
2022-09-05 09:49:29.579,nrf-350916066833768,9.23,5.75,14.5,SAFE
2022-09-05 09:49:29.579,nrf-350916066833768,7.31,6.75,12.5,SAFE
2022-09-05 09:49:29.579,nrf-350916066833768,7.10,4.97,13.9,SAFE
2022-09-05 09:49:29.579,nrf-350916066833768,7.35,5.85,15.1,SAFE
2022-09-05 09:19:20.519,nrf-350916066833768,7.42,8.90,10.1,SAFE
2022-09-05 09:19:20.519,nrf-350916066833768,7.28,8.40,11.0,SAFE
2022-09-05 09:19:20.519,nrf-350916066833768,6.99,8.05,9.71,SAFE
2022-09-05 09:19:20.519,nrf-350916066833768,6.16,7.07,9.92,SAFE
2022-09-05 09:19:20.519,nrf-350916066833768,5.61,5.77,9.05,SAFE
2022-09-05 08:47:10.523,nrf-350916066833768,5.14,5.13,12.7,SAFE
2022-09-05 08:47:10.523,nrf-350916066833768,5.62,5.42,11.2,SAFE
2022-09-05 08:47:10.523,nrf-350916066833768,5.04,5.45,13.6,SAFE
2022-09-05 08:47:10.523,nrf-350916066833768,5.75,6.17,11.5,SAFE
2022-09-05 08:47:10.523,nrf-350916066833768,9.92,8.16,11.9,SAFE
2022-09-05 08:34:25.792,nrf-350916066833768,5.40,5.80,9.92,SAFE
2022-09-05 08:34:25.792,nrf-350916066833768,8.14,7.44,11.4,SAFE
2022-09-05 08:34:25.792,nrf-350916066833768,6.95,6.70,11.4,SAFE
2022-09-05 08:34:25.792,nrf-350916066833768,8.78,10.4,16.0,SAFE
2022-09-05 08:34:25.792,nrf-350916066833768,8.49,8.56,11.9,SAFE
2022-09-05 08:16:33.732,nrf-350916066833768,0.832,0.629,8.96,SAFE
2022-09-05 08:16:33.732,nrf-350916066833768,1.03,0.939,9.23,SAFE
2022-09-05 08:16:33.732,nrf-350916066833768,0.907,0.722,9.19,SAFE
2022-09-05 08:16:33.732,nrf-350916066833768,1.04,0.803,9.01,SAFE
2022-09-05 08:16:33.732,nrf-350916066833768,0.910,0.953,9.07,SAFE
2022-09-05 07:50:54.995,nrf-350916066833768,10.2,11.2,13.4,SAFE
2022-09-05 07:50:54.995,nrf-350916066833768,5.95,6.22,8.64,SAFE
2022-09-05 07:50:54.995,nrf-350916066833768,5.07,5.65,5.12,SAFE
2022-09-05 07:50:54.995,nrf-350916066833768,3.89,3.90,7.26,SAFE
2022-09-05 07:50:54.995,nrf-350916066833768,4.45,4.97,6.39,SAFE
2022-09-05 07:17:56.582,nrf-350916066833768,2.06,1.02,9.22,SAFE
2022-09-05 07:17:56.582,nrf-350916066833768,0.755,0.645,8.90,SAFE
2022-09-05 07:17:56.582,nrf-350916066833768,0.892,0.708,8.91,SAFE
2022-09-05 07:17:56.582,nrf-350916066833768,0.785,0.978,9.50,SAFE
2022-09-05 07:17:56.582,nrf-350916066833768,0.867,0.896,9.14,SAFE
2022-09-05 06:46:57.432,nrf-350916066833768,6.36,5.93,8.13,SAFE
2022-09-05 06:46:57.432,nrf-350916066833768,17.1,14.6,19.7,SAFE
2022-09-05 06:46:57.432,nrf-350916066833768,3.02,3.00,3.28,SAFE
2022-09-05 06:46:57.432,nrf-350916066833768,3.03,2.56,2.95,SAFE
2022-09-05 06:46:57.432,nrf-350916066833768,2.65,2.20,2.74,SAFE
2022-09-05 06:29:14.167,nrf-350916066833768,7.65,4.01,11.7,SAFE
2022-09-05 06:29:14.167,nrf-350916066833768,8.33,7.40,13.3,SAFE
2022-09-05 06:29:14.167,nrf-350916066833768,5.36,8.11,7.65,SAFE
2022-09-05 06:29:14.167,nrf-350916066833768,7.54,5.54,11.6,SAFE
2022-09-05 06:29:14.167,nrf-350916066833768,1.15,0.662,8.72,SAFE
2022-09-05 06:16:36.086,nrf-350916066833768,13.4,16.4,11.9,SAFE
2022-09-05 06:16:36.086,nrf-350916066833768,2.70,2.09,2.30,SAFE
2022-09-05 06:16:36.086,nrf-350916066833768,2.81,2.23,2.38,SAFE
2022-09-05 06:16:36.086,nrf-350916066833768,2.56,2.26,2.49,SAFE
2022-09-05 06:16:36.086,nrf-350916066833768,2.73,2.20,2.41,SAFE
2022-09-05 05:49:05.270,nrf-350916066833768,20.1,11.3,19.3,SAFE
2022-09-05 05:49:05.270,nrf-350916066833768,6.77,3.87,12.2,SAFE
2022-09-05 05:49:05.270,nrf-350916066833768,4.86,6.28,12.7,SAFE
2022-09-05 05:49:05.270,nrf-350916066833768,6.45,3.90,13.6,SAFE
2022-09-05 05:49:05.270,nrf-350916066833768,5.50,3.35,13.9,SAFE
2022-09-05 05:24:28.440,nrf-350916066833768,6.16,8.01,8.24,SAFE
2022-09-05 05:24:28.440,nrf-350916066833768,6.56,7.81,10.0,SAFE
2022-09-05 05:24:28.440,nrf-350916066833768,8.84,10.5,11.2,SAFE
2022-09-05 05:24:28.440,nrf-350916066833768,7.23,9.31,10.1,SAFE
2022-09-05 05:24:28.440,nrf-350916066833768,7.42,9.28,10.2,SAFE
2022-09-05 04:56:24.561,nrf-350916066833768,22.9,16.4,17.8,SAFE
2022-09-05 04:56:24.561,nrf-350916066833768,18.6,14.7,17.8,SAFE
2022-09-05 04:56:24.561,nrf-350916066833768,23.2,13.1,17.0,SAFE
2022-09-05 04:56:24.561,nrf-350916066833768,17.7,17.2,20.1,SAFE
2022-09-05 04:56:24.561,nrf-350916066833768,16.8,10.8,14.2,SAFE
2022-09-05 04:33:41.967,nrf-350916066833768,4.42,5.79,7.36,SAFE
2022-09-05 04:33:41.967,nrf-350916066833768,2.79,2.97,2.77,SAFE
2022-09-05 04:33:41.967,nrf-350916066833768,2.72,2.33,2.42,SAFE
2022-09-05 04:33:41.967,nrf-350916066833768,3.12,2.59,2.33,SAFE
2022-09-05 04:33:41.967,nrf-350916066833768,2.84,2.26,2.37,SAFE
2022-09-05 03:02:43.574,nrf-350916066833768,42.9,29.4,28.2,SAFE
2022-09-05 03:02:43.574,nrf-350916066833768,14.7,6.13,12.4,SAFE
2022-09-05 03:02:43.574,nrf-350916066833768,13.3,4.62,11.4,SAFE
2022-09-05 03:02:43.574,nrf-350916066833768,11.9,3.57,11.0,SAFE
2022-09-05 03:02:43.574,nrf-350916066833768,9.78,3.00,9.05,SAFE
2022-09-05 02:13:46.240,nrf-350916066833768,4.14,4.88,5.53,SAFE
2022-09-05 02:13:46.240,nrf-350916066833768,4.35,5.62,7.93,SAFE
2022-09-05 02:13:46.240,nrf-350916066833768,4.72,6.54,6.15,SAFE
2022-09-05 02:13:46.240,nrf-350916066833768,4.70,5.02,5.08,SAFE
2022-09-05 02:13:46.240,nrf-350916066833768,4.64,5.14,7.14,SAFE
2022-09-05 01:44:17.248,nrf-350916066833768,7.46,3.84,10.8,SAFE
2022-09-05 01:44:17.248,nrf-350916066833768,3.66,1.55,9.58,SAFE
2022-09-05 01:44:17.248,nrf-350916066833768,4.61,1.08,9.61,SAFE
2022-09-05 01:44:17.248,nrf-350916066833768,4.39,1.38,9.17,SAFE
2022-09-05 01:44:17.248,nrf-350916066833768,2.99,1.17,9.67,SAFE
2022-09-05 00:47:55.728,nrf-350916066833768,10.7,9.89,11.6,SAFE
2022-09-05 00:47:55.728,nrf-350916066833768,2.75,2.09,2.25,SAFE
2022-09-05 00:47:55.728,nrf-350916066833768,2.74,2.20,2.32,SAFE
2022-09-05 00:47:55.728,nrf-350916066833768,2.88,2.32,2.45,SAFE
2022-09-05 00:47:55.728,nrf-350916066833768,2.96,2.11,2.28,SAFE
2022-09-05 00:21:12.535,nrf-350916066833768,7.30,7.75,16.1,SAFE
2022-09-05 00:21:12.535,nrf-350916066833768,0.701,0.452,9.05,SAFE
2022-09-05 00:21:12.535,nrf-350916066833768,0.910,0.873,9.44,SAFE
2022-09-05 00:21:12.535,nrf-350916066833768,0.750,0.601,8.96,SAFE
2022-09-05 00:21:12.535,nrf-350916066833768,0.977,0.967,8.93,SAFE
2022-09-04 23:42:53.808,nrf-350916066833768,3.37,3.18,3.89,SAFE
2022-09-04 23:42:53.808,nrf-350916066833768,3.74,3.68,6.75,SAFE
2022-09-04 23:42:53.808,nrf-350916066833768,3.14,3.07,4.29,SAFE
2022-09-04 23:42:53.808,nrf-350916066833768,2.84,2.17,2.45,SAFE
2022-09-04 23:42:53.808,nrf-350916066833768,2.82,2.23,2.30,SAFE
2022-09-04 23:24:44.025,nrf-350916066833768,7.67,5.72,12.7,SAFE
2022-09-04 23:24:44.025,nrf-350916066833768,6.12,3.84,10.1,SAFE
2022-09-04 23:24:44.025,nrf-350916066833768,1.80,1.18,8.87,SAFE
2022-09-04 23:24:44.025,nrf-350916066833768,1.40,0.905,9.44,SAFE
2022-09-04 23:24:44.025,nrf-350916066833768,1.37,0.731,9.18,SAFE
2022-09-04 22:46:46.631,nrf-350916066833768,4.24,4.40,7.55,SAFE
2022-09-04 22:46:46.631,nrf-350916066833768,4.97,5.76,10.0,SAFE
2022-09-04 22:46:46.631,nrf-350916066833768,6.82,9.20,12.4,SAFE
2022-09-04 22:46:46.631,nrf-350916066833768,5.76,6.61,10.8,SAFE
2022-09-04 22:46:46.631,nrf-350916066833768,5.45,7.44,9.28,SAFE
2022-09-04 22:25:45.534,nrf-350916066833768,5.37,4.94,10.5,SAFE
2022-09-04 22:25:45.534,nrf-350916066833768,1.16,0.892,9.10,SAFE
2022-09-04 22:25:45.534,nrf-350916066833768,1.47,1.65,8.95,SAFE
2022-09-04 22:25:45.534,nrf-350916066833768,1.48,0.920,9.41,SAFE
2022-09-04 22:25:45.534,nrf-350916066833768,1.01,0.977,8.87,SAFE
2022-09-04 21:23:19.215,nrf-350916066833768,6.09,7.08,8.53,SAFE
2022-09-04 21:23:19.215,nrf-350916066833768,4.86,5.11,7.17,SAFE
2022-09-04 21:23:19.215,nrf-350916066833768,5.46,4.82,7.47,SAFE
2022-09-04 21:23:19.215,nrf-350916066833768,8.17,9.63,14.9,SAFE
2022-09-04 21:23:19.215,nrf-350916066833768,3.01,2.81,3.58,SAFE
2022-09-04 21:09:57.448,nrf-350916066833768,18.1,16.8,23.1,SAFE
2022-09-04 21:09:57.448,nrf-350916066833768,29.9,24.3,24.6,SAFE
2022-09-04 21:09:57.448,nrf-350916066833768,23.3,16.3,20.1,SAFE
2022-09-04 21:09:57.448,nrf-350916066833768,18.8,16.8,21.4,SAFE
2022-09-04 21:09:57.448,nrf-350916066833768,18.2,20.9,24.6,SAFE
2022-09-04 20:13:30.338,nrf-350916066833768,8.78,11.1,14.2,SAFE
2022-09-04 20:13:30.338,nrf-350916066833768,8.64,11.3,13.9,SAFE
2022-09-04 20:13:30.338,nrf-350916066833768,8.73,9.41,14.4,SAFE
2022-09-04 20:13:30.338,nrf-350916066833768,6.11,7.23,11.3,SAFE
2022-09-04 20:13:30.338,nrf-350916066833768,2.96,2.35,2.50,SAFE
2022-09-04 19:49:50.630,nrf-350916066833768,21.9,9.64,19.7,SAFE
2022-09-04 19:49:50.630,nrf-350916066833768,12.2,10.7,17.7,SAFE
2022-09-04 19:49:50.630,nrf-350916066833768,9.69,10.2,16.0,SAFE
2022-09-04 19:49:50.630,nrf-350916066833768,12.0,15.0,11.5,SAFE
2022-09-04 19:49:50.630,nrf-350916066833768,7.42,5.03,14.2,SAFE
2022-09-04 19:22:57.745,nrf-350916066833768,14.2,9.03,17.4,SAFE
2022-09-04 19:22:57.745,nrf-350916066833768,3.98,2.65,9.24,SAFE
2022-09-04 19:22:57.745,nrf-350916066833768,2.06,1.40,9.55,SAFE
2022-09-04 19:22:57.745,nrf-350916066833768,1.65,0.993,9.10,SAFE
2022-09-04 19:22:57.745,nrf-350916066833768,1.90,0.578,9.16,SAFE
2022-09-04 18:48:25.355,nrf-350916066833768,7.64,9.93,11.8,SAFE
2022-09-04 18:48:25.355,nrf-350916066833768,8.37,11.3,15.3,SAFE
2022-09-04 18:48:25.355,nrf-350916066833768,8.11,9.68,11.6,SAFE
2022-09-04 18:48:25.355,nrf-350916066833768,7.80,9.42,10.3,SAFE
2022-09-04 18:48:25.355,nrf-350916066833768,6.97,7.95,9.73,SAFE
2022-09-04 17:54:57.677,nrf-350916066833768,8.04,4.83,9.19,SAFE
2022-09-04 17:54:57.677,nrf-350916066833768,7.70,3.81,11.3,SAFE
2022-09-04 17:54:57.677,nrf-350916066833768,5.75,3.34,9.92,SAFE
2022-09-04 17:54:57.677,nrf-350916066833768,6.09,4.86,11.3,SAFE
2022-09-04 17:54:57.677,nrf-350916066833768,7.83,4.32,8.90,SAFE
2022-09-04 17:42:14.621,nrf-350916066833768,3.66,4.76,5.63,SAFE
2022-09-04 17:42:14.621,nrf-350916066833768,4.81,4.66,7.80,SAFE
2022-09-04 17:42:14.621,nrf-350916066833768,3.54,4.58,5.84,SAFE
2022-09-04 17:42:14.621,nrf-350916066833768,5.96,6.18,9.29,SAFE
2022-09-04 17:42:14.621,nrf-350916066833768,3.48,4.60,5.02,SAFE
2022-09-04 17:24:31.987,nrf-350916066833768,10.1,12.8,17.0,SAFE
2022-09-04 17:24:31.987,nrf-350916066833768,11.6,11.4,15.6,SAFE
2022-09-04 17:24:31.987,nrf-350916066833768,12.8,14.4,16.1,SAFE
2022-09-04 17:24:31.987,nrf-350916066833768,16.5,10.2,15.9,SAFE
2022-09-04 17:24:31.987,nrf-350916066833768,2.63,2.22,9.11,SAFE
2022-09-04 17:08:02.689,nrf-350916066833768,8.59,10.2,12.2,SAFE
2022-09-04 17:08:02.689,nrf-350916066833768,7.61,8.74,11.5,SAFE
2022-09-04 17:08:02.689,nrf-350916066833768,7.27,8.74,10.5,SAFE
2022-09-04 17:08:02.689,nrf-350916066833768,7.35,9.14,10.0,SAFE
2022-09-04 17:08:02.689,nrf-350916066833768,8.24,9.95,12.4,SAFE
2022-09-04 16:27:06.086,nrf-350916066833768,34.1,18.3,25.9,SAFE
2022-09-04 16:27:06.086,nrf-350916066833768,12.5,6.02,14.8,SAFE
2022-09-04 16:27:06.086,nrf-350916066833768,14.4,5.85,13.3,SAFE
2022-09-04 16:27:06.086,nrf-350916066833768,11.0,7.43,18.0,SAFE
2022-09-04 16:27:06.086,nrf-350916066833768,9.05,5.29,16.1,SAFE
2022-09-04 15:47:18.596,nrf-350916066833768,6.05,7.39,11.1,SAFE
2022-09-04 15:47:18.596,nrf-350916066833768,5.02,4.57,11.2,SAFE
2022-09-04 15:47:18.596,nrf-350916066833768,4.58,5.12,9.59,SAFE
2022-09-04 15:47:18.596,nrf-350916066833768,4.01,4.22,7.91,SAFE
2022-09-04 15:47:18.596,nrf-350916066833768,5.00,5.05,9.51,SAFE
2022-09-04 15:26:13.590,nrf-350916066833768,22.2,12.7,15.6,SAFE
2022-09-04 15:26:13.590,nrf-350916066833768,2.60,2.05,9.60,SAFE
2022-09-04 15:26:13.590,nrf-350916066833768,2.58,1.16,9.06,SAFE
2022-09-04 15:26:13.590,nrf-350916066833768,2.02,0.767,9.29,SAFE
2022-09-04 15:26:13.590,nrf-350916066833768,2.01,0.799,9.21,SAFE
2022-09-04 14:52:08.597,nrf-350916066833768,3.63,3.33,4.21,SAFE
2022-09-04 14:52:08.597,nrf-350916066833768,3.02,3.10,3.01,SAFE
2022-09-04 14:52:08.597,nrf-350916066833768,3.09,2.66,2.84,SAFE
2022-09-04 14:52:08.597,nrf-350916066833768,2.89,2.71,2.67,SAFE
2022-09-04 14:52:08.597,nrf-350916066833768,2.76,2.72,2.55,SAFE
2022-09-04 13:49:14.917,nrf-350916066833768,24.6,11.8,20.1,SAFE
2022-09-04 13:49:14.917,nrf-350916066833768,10.9,4.75,14.8,SAFE
2022-09-04 13:49:14.917,nrf-350916066833768,7.03,7.07,12.9,SAFE
2022-09-04 13:49:14.917,nrf-350916066833768,6.25,3.45,10.2,SAFE
2022-09-04 13:49:14.917,nrf-350916066833768,6.32,4.49,9.94,SAFE
2022-09-04 13:24:42.005,nrf-350916066833768,7.14,8.49,8.84,SAFE
2022-09-04 13:24:42.005,nrf-350916066833768,6.78,8.37,7.76,SAFE
2022-09-04 13:24:42.005,nrf-350916066833768,6.86,6.95,8.51,SAFE
2022-09-04 13:24:42.005,nrf-350916066833768,6.68,8.47,8.63,SAFE
2022-09-04 13:24:42.005,nrf-350916066833768,3.71,3.72,4.57,SAFE
2022-09-04 12:48:11.627,nrf-350916066833768,8.73,5.55,13.1,SAFE
2022-09-04 12:48:11.627,nrf-350916066833768,5.12,3.16,9.95,SAFE
2022-09-04 12:48:11.627,nrf-350916066833768,4.87,2.62,9.75,SAFE
2022-09-04 12:48:11.627,nrf-350916066833768,6.98,2.28,10.1,SAFE
2022-09-04 12:48:11.627,nrf-350916066833768,5.49,1.90,9.27,SAFE
2022-09-04 12:22:53.543,nrf-350916066833768,8.78,10.2,12.4,SAFE
2022-09-04 12:22:53.543,nrf-350916066833768,7.22,10.2,12.3,SAFE
2022-09-04 12:22:53.543,nrf-350916066833768,7.56,10.4,12.9,SAFE
2022-09-04 12:22:53.543,nrf-350916066833768,2.91,3.01,3.94,SAFE
2022-09-04 12:22:53.543,nrf-350916066833768,2.76,2.46,2.32,SAFE
2022-09-04 12:04:06.308,nrf-350916066833768,20.8,14.7,19.4,SAFE
2022-09-04 12:04:06.308,nrf-350916066833768,20.1,14.5,21.9,SAFE
2022-09-04 12:04:06.308,nrf-350916066833768,17.3,16.9,18.5,SAFE
2022-09-04 12:04:06.308,nrf-350916066833768,21.9,14.7,24.7,SAFE
2022-09-04 12:04:06.308,nrf-350916066833768,25.4,11.8,21.7,SAFE
2022-09-04 11:41:11.659,nrf-350916066833768,6.63,6.64,9.17,SAFE
2022-09-04 11:41:11.659,nrf-350916066833768,4.64,3.75,8.67,SAFE
2022-09-04 11:41:11.659,nrf-350916066833768,4.44,5.30,9.20,SAFE
2022-09-04 11:41:11.659,nrf-350916066833768,4.80,5.56,10.1,SAFE
2022-09-04 11:41:11.659,nrf-350916066833768,2.61,2.15,3.17,SAFE
2022-09-04 11:08:54.703,nrf-350916066833768,21.2,10.7,17.1,SAFE
2022-09-04 11:08:54.703,nrf-350916066833768,9.10,6.46,11.5,SAFE
2022-09-04 11:08:54.703,nrf-350916066833768,7.74,5.65,10.2,SAFE
2022-09-04 11:08:54.703,nrf-350916066833768,8.51,5.10,12.1,SAFE
2022-09-04 11:08:54.703,nrf-350916066833768,8.86,4.89,10.9,SAFE
2022-09-04 10:55:47.270,nrf-350916066833768,8.48,9.04,9.27,SAFE
2022-09-04 10:55:47.270,nrf-350916066833768,7.06,7.55,9.81,SAFE
2022-09-04 10:55:47.270,nrf-350916066833768,6.47,7.38,8.65,SAFE
2022-09-04 10:55:47.270,nrf-350916066833768,7.87,7.71,8.05,SAFE
2022-09-04 10:55:47.270,nrf-350916066833768,5.29,6.08,5.75,SAFE
2022-09-04 10:16:51.305,nrf-350916066833768,7.01,3.49,10.1,SAFE
2022-09-04 10:16:51.305,nrf-350916066833768,1.13,0.699,9.28,SAFE
2022-09-04 10:16:51.305,nrf-350916066833768,1.22,0.723,9.06,SAFE
2022-09-04 10:16:51.305,nrf-350916066833768,1.43,0.810,9.33,SAFE
2022-09-04 10:16:51.305,nrf-350916066833768,0.847,1.05,9.44,SAFE
2022-09-04 09:27:24.754,nrf-350916066833768,7.34,8.48,9.43,SAFE
2022-09-04 09:27:24.754,nrf-350916066833768,8.13,9.18,10.6,SAFE
2022-09-04 09:27:24.754,nrf-350916066833768,6.88,8.07,11.8,SAFE
2022-09-04 09:27:24.754,nrf-350916066833768,5.57,5.91,8.21,SAFE
2022-09-04 09:27:24.754,nrf-350916066833768,2.86,2.30,2.28,SAFE
2022-09-04 09:14:17.545,nrf-350916066833768,2.72,1.86,8.74,SAFE
2022-09-04 09:14:17.545,nrf-350916066833768,1.02,0.610,8.96,SAFE
2022-09-04 09:14:17.545,nrf-350916066833768,0.878,0.552,8.96,SAFE
2022-09-04 09:14:17.545,nrf-350916066833768,1.01,0.792,9.14,SAFE
2022-09-04 09:14:17.545,nrf-350916066833768,1.07,1.20,9.16,SAFE
2022-09-04 08:54:58.597,nrf-350916066833768,6.36,7.53,8.06,SAFE
2022-09-04 08:54:58.597,nrf-350916066833768,6.08,7.17,8.51,SAFE
2022-09-04 08:54:58.597,nrf-350916066833768,6.09,7.02,9.16,SAFE
2022-09-04 08:54:58.597,nrf-350916066833768,6.09,7.46,8.07,SAFE
2022-09-04 08:54:58.597,nrf-350916066833768,6.84,8.17,8.90,SAFE
2022-09-04 08:15:54.333,nrf-350916066833768,6.97,3.00,11.1,SAFE
2022-09-04 08:15:54.333,nrf-350916066833768,1.17,0.925,9.33,SAFE
2022-09-04 08:15:54.333,nrf-350916066833768,1.06,0.903,9.28,SAFE
2022-09-04 08:15:54.333,nrf-350916066833768,1.03,0.737,8.99,SAFE
2022-09-04 08:15:54.333,nrf-350916066833768,1.13,0.847,9.13,SAFE
2022-09-04 07:55:37.381,nrf-350916066833768,7.46,8.81,10.5,SAFE
2022-09-04 07:55:37.381,nrf-350916066833768,7.54,8.20,11.1,SAFE
2022-09-04 07:55:37.381,nrf-350916066833768,4.03,4.35,5.31,SAFE
2022-09-04 07:55:37.381,nrf-350916066833768,2.56,2.17,2.58,SAFE
2022-09-04 07:55:37.381,nrf-350916066833768,2.67,2.25,2.20,SAFE
2022-09-04 07:25:02.333,nrf-350916066833768,17.3,13.8,16.7,SAFE
2022-09-04 07:25:02.333,nrf-350916066833768,17.6,10.1,14.7,SAFE
2022-09-04 07:25:02.333,nrf-350916066833768,1.49,1.31,9.08,SAFE
2022-09-04 07:25:02.333,nrf-350916066833768,1.56,1.19,9.10,SAFE
2022-09-04 07:25:02.333,nrf-350916066833768,1.19,0.936,9.04,SAFE
2022-09-04 07:06:44.421,nrf-350916066833768,3.74,4.60,4.98,SAFE
2022-09-04 07:06:44.421,nrf-350916066833768,3.31,3.33,3.75,SAFE
2022-09-04 07:06:44.421,nrf-350916066833768,3.49,4.59,4.54,SAFE
2022-09-04 07:06:44.421,nrf-350916066833768,4.59,5.78,6.27,SAFE
2022-09-04 07:06:44.421,nrf-350916066833768,3.88,3.96,7.92,SAFE
2022-09-04 06:16:08.910,nrf-350916066833768,6.39,4.09,10.8,SAFE
2022-09-04 06:16:08.910,nrf-350916066833768,13.5,10.5,14.5,SAFE
2022-09-04 06:16:08.910,nrf-350916066833768,5.19,2.40,9.73,SAFE
2022-09-04 06:16:08.910,nrf-350916066833768,3.87,1.63,9.09,SAFE
2022-09-04 06:16:08.910,nrf-350916066833768,3.29,1.57,9.05,SAFE
2022-09-04 04:55:31.621,nrf-350916066833768,6.29,5.53,8.35,SAFE
2022-09-04 04:55:31.621,nrf-350916066833768,4.07,4.06,7.88,SAFE
2022-09-04 04:55:31.621,nrf-350916066833768,10.0,10.8,13.2,SAFE
2022-09-04 04:55:31.621,nrf-350916066833768,4.34,5.05,9.24,SAFE
2022-09-04 04:55:31.621,nrf-350916066833768,3.06,2.23,2.24,SAFE
2022-09-04 03:47:46.609,nrf-350916066833768,3.56,3.10,10.3,SAFE
2022-09-04 03:47:46.609,nrf-350916066833768,0.826,0.916,9.16,SAFE
2022-09-04 03:47:46.609,nrf-350916066833768,0.961,0.774,9.09,SAFE
2022-09-04 03:47:46.609,nrf-350916066833768,0.786,0.841,9.06,SAFE
2022-09-04 03:47:46.609,nrf-350916066833768,0.955,1.23,9.03,SAFE
2022-09-04 02:18:57.581,nrf-350916066833768,4.81,6.15,8.19,SAFE
2022-09-04 02:18:57.581,nrf-350916066833768,4.85,5.80,8.10,SAFE
2022-09-04 02:18:57.581,nrf-350916066833768,4.44,5.80,9.06,SAFE
2022-09-04 02:18:57.581,nrf-350916066833768,5.65,6.65,9.20,SAFE
2022-09-04 02:18:57.581,nrf-350916066833768,4.50,5.34,7.15,SAFE
2022-09-04 00:33:51.686,nrf-350916066833768,12.8,8.13,11.9,SAFE
2022-09-04 00:33:51.686,nrf-350916066833768,9.47,5.59,12.8,SAFE
2022-09-04 00:33:51.686,nrf-350916066833768,19.2,16.8,16.6,SAFE
2022-09-04 00:33:51.686,nrf-350916066833768,4.38,2.80,9.82,SAFE
2022-09-04 00:33:51.686,nrf-350916066833768,3.75,1.72,9.19,SAFE
2022-09-04 00:13:56.581,nrf-350916066833768,5.35,6.81,8.57,SAFE
2022-09-04 00:13:56.581,nrf-350916066833768,6.53,7.76,9.33,SAFE
2022-09-04 00:13:56.581,nrf-350916066833768,5.75,7.30,10.2,SAFE
2022-09-04 00:13:56.581,nrf-350916066833768,3.95,5.06,5.37,SAFE
2022-09-04 00:13:56.581,nrf-350916066833768,5.64,7.25,9.18,SAFE
2022-09-03 22:16:20.296,nrf-350916066833768,26.6,15.3,20.1,SAFE
2022-09-03 22:16:20.296,nrf-350916066833768,20.5,12.5,16.7,SAFE
2022-09-03 22:16:20.296,nrf-350916066833768,19.1,12.9,16.5,SAFE
2022-09-03 22:16:20.296,nrf-350916066833768,22.0,21.8,15.3,SAFE
2022-09-03 22:16:20.296,nrf-350916066833768,20.9,14.6,13.7,SAFE
2022-09-03 21:48:39.741,nrf-350916066833768,6.75,9.26,12.4,SAFE
2022-09-03 21:48:39.741,nrf-350916066833768,6.66,8.61,11.2,SAFE
2022-09-03 21:48:39.741,nrf-350916066833768,8.64,10.5,12.6,SAFE
2022-09-03 21:48:39.741,nrf-350916066833768,7.29,9.63,12.5,SAFE
2022-09-03 21:48:39.741,nrf-350916066833768,7.27,10.5,13.8,SAFE
2022-09-03 21:16:54.645,nrf-350916066833768,2.04,1.77,9.47,SAFE
2022-09-03 21:16:54.645,nrf-350916066833768,1.69,1.11,8.82,SAFE
2022-09-03 21:16:54.645,nrf-350916066833768,1.37,0.951,8.91,SAFE
2022-09-03 21:16:54.645,nrf-350916066833768,1.72,1.03,8.67,SAFE
2022-09-03 21:16:54.645,nrf-350916066833768,1.79,1.37,9.64,SAFE
2022-09-03 20:22:22.745,nrf-350916066833768,7.99,10.3,13.0,SAFE
2022-09-03 20:22:22.745,nrf-350916066833768,7.69,8.87,10.9,SAFE
2022-09-03 20:22:22.745,nrf-350916066833768,7.62,9.46,11.5,SAFE
2022-09-03 20:22:22.745,nrf-350916066833768,6.03,7.43,8.42,SAFE
2022-09-03 20:22:22.745,nrf-350916066833768,2.90,2.54,2.89,SAFE
2022-09-03 20:10:25.689,nrf-350916066833768,12.6,7.67,19.9,SAFE
2022-09-03 20:10:25.689,nrf-350916066833768,18.6,14.8,22.3,SAFE
2022-09-03 20:10:25.689,nrf-350916066833768,16.1,11.9,18.0,SAFE
2022-09-03 20:10:25.689,nrf-350916066833768,13.3,10.9,19.6,SAFE
2022-09-03 20:10:25.689,nrf-350916066833768,10.9,6.14,12.6,SAFE
2022-09-03 19:47:32.237,nrf-350916066833768,2.93,2.26,3.20,SAFE
2022-09-03 19:47:32.237,nrf-350916066833768,2.86,2.16,2.31,SAFE
2022-09-03 19:47:32.237,nrf-350916066833768,2.77,2.14,2.24,SAFE
2022-09-03 19:47:32.237,nrf-350916066833768,2.90,2.11,2.37,SAFE
2022-09-03 19:47:32.237,nrf-350916066833768,2.89,2.15,2.52,SAFE
2022-09-03 19:24:16.349,nrf-350916066833768,18.6,16.7,20.1,SAFE
2022-09-03 19:24:16.349,nrf-350916066833768,15.7,15.9,16.2,SAFE
2022-09-03 19:24:16.349,nrf-350916066833768,22.1,18.8,20.2,SAFE
2022-09-03 19:24:16.349,nrf-350916066833768,11.0,10.4,9.96,SAFE
2022-09-03 19:24:16.349,nrf-350916066833768,2.39,2.23,9.36,SAFE
2022-09-03 18:47:43.390,nrf-350916066833768,6.26,7.81,7.78,SAFE
2022-09-03 18:47:43.390,nrf-350916066833768,2.98,2.54,2.87,SAFE
2022-09-03 18:47:43.390,nrf-350916066833768,2.97,2.48,2.73,SAFE
2022-09-03 18:47:43.390,nrf-350916066833768,2.69,2.38,2.59,SAFE
2022-09-03 18:47:43.390,nrf-350916066833768,2.93,2.27,2.63,SAFE
2022-09-03 18:22:09.490,nrf-350916066833768,25.5,19.3,21.8,SAFE
2022-09-03 18:22:09.490,nrf-350916066833768,17.0,12.8,18.0,SAFE
2022-09-03 18:22:09.490,nrf-350916066833768,4.52,3.05,9.26,SAFE
2022-09-03 18:22:09.490,nrf-350916066833768,3.10,1.10,9.17,SAFE
2022-09-03 18:22:09.490,nrf-350916066833768,2.49,0.851,9.07,SAFE
2022-09-03 18:08:02.324,nrf-350916066833768,3.95,4.65,7.92,SAFE
2022-09-03 18:08:02.324,nrf-350916066833768,4.74,5.54,8.40,SAFE
2022-09-03 18:08:02.324,nrf-350916066833768,4.65,4.89,9.31,SAFE
2022-09-03 18:08:02.324,nrf-350916066833768,3.88,5.23,7.10,SAFE
2022-09-03 18:08:02.324,nrf-350916066833768,4.01,4.48,6.87,SAFE
2022-09-03 17:55:50.777,nrf-350916066833768,37.9,22.9,27.4,SAFE
2022-09-03 17:55:50.777,nrf-350916066833768,27.3,17.9,21.9,SAFE
2022-09-03 17:55:50.777,nrf-350916066833768,22.7,14.7,16.7,SAFE
2022-09-03 17:55:50.777,nrf-350916066833768,18.5,20.4,19.3,SAFE
2022-09-03 17:55:50.777,nrf-350916066833768,16.5,14.7,19.2,SAFE
2022-09-03 17:39:27.617,nrf-350916066833768,3.99,4.92,8.92,SAFE
2022-09-03 17:39:27.617,nrf-350916066833768,6.87,7.78,11.4,SAFE
2022-09-03 17:39:27.617,nrf-350916066833768,4.28,5.20,7.51,SAFE
2022-09-03 17:39:27.617,nrf-350916066833768,5.35,5.99,12.5,SAFE
2022-09-03 17:39:27.617,nrf-350916066833768,4.02,4.21,5.91,SAFE
2022-09-03 16:46:59.980,nrf-350916066833768,14.3,8.41,13.5,SAFE
2022-09-03 16:46:59.980,nrf-350916066833768,9.64,3.10,11.6,SAFE
2022-09-03 16:46:59.980,nrf-350916066833768,8.45,3.47,9.83,SAFE
2022-09-03 16:46:59.980,nrf-350916066833768,8.18,1.93,11.2,SAFE
2022-09-03 16:46:59.980,nrf-350916066833768,9.26,2.23,9.07,SAFE
2022-09-03 16:23:51.021,nrf-350916066833768,5.70,7.13,9.52,SAFE
2022-09-03 16:23:51.021,nrf-350916066833768,4.05,3.61,5.28,SAFE
2022-09-03 16:23:51.021,nrf-350916066833768,2.77,2.39,2.58,SAFE
2022-09-03 16:23:51.021,nrf-350916066833768,2.79,2.19,2.04,SAFE
2022-09-03 16:23:51.021,nrf-350916066833768,2.62,2.16,2.13,SAFE
2022-09-03 15:55:42.104,nrf-350916066833768,20.1,17.5,23.5,SAFE
2022-09-03 15:55:42.104,nrf-350916066833768,22.2,15.5,19.6,SAFE
2022-09-03 15:55:42.104,nrf-350916066833768,23.2,11.1,19.5,SAFE
2022-09-03 15:55:42.104,nrf-350916066833768,16.9,18.2,16.6,SAFE
2022-09-03 15:55:42.104,nrf-350916066833768,7.46,4.77,11.8,SAFE
2022-09-03 15:24:02.725,nrf-350916066833768,7.44,9.24,13.2,SAFE
2022-09-03 15:24:02.725,nrf-350916066833768,5.85,7.33,11.6,SAFE
2022-09-03 15:24:02.725,nrf-350916066833768,2.91,2.56,2.24,SAFE
2022-09-03 15:24:02.725,nrf-350916066833768,2.75,2.25,2.09,SAFE
2022-09-03 15:24:02.725,nrf-350916066833768,2.92,2.19,2.23,SAFE
2022-09-03 14:47:47.012,nrf-350916066833768,11.4,7.18,16.1,SAFE
2022-09-03 14:47:47.012,nrf-350916066833768,9.11,4.44,11.4,SAFE
2022-09-03 14:47:47.012,nrf-350916066833768,7.38,3.86,9.94,SAFE
2022-09-03 14:47:47.012,nrf-350916066833768,9.18,3.07,10.5,SAFE
2022-09-03 14:47:47.012,nrf-350916066833768,7.48,2.46,9.89,SAFE
2022-09-03 14:26:20.634,nrf-350916066833768,2.92,2.61,3.46,SAFE
2022-09-03 14:26:20.634,nrf-350916066833768,2.81,2.25,2.19,SAFE
2022-09-03 14:26:20.634,nrf-350916066833768,2.74,2.10,2.25,SAFE
2022-09-03 14:26:20.634,nrf-350916066833768,2.78,2.25,2.13,SAFE
2022-09-03 14:26:20.634,nrf-350916066833768,2.80,2.16,2.28,SAFE
2022-09-03 13:57:49.697,nrf-350916066833768,9.85,6.60,13.1,SAFE
2022-09-03 13:57:49.697,nrf-350916066833768,15.3,7.95,12.7,SAFE
2022-09-03 13:57:49.697,nrf-350916066833768,21.5,10.2,14.4,SAFE
2022-09-03 13:57:49.697,nrf-350916066833768,22.8,22.0,16.7,SAFE
2022-09-03 13:57:49.697,nrf-350916066833768,31.7,13.1,29.8,SAFE
2022-09-03 13:25:34.830,nrf-350916066833768,6.27,7.22,8.25,SAFE
2022-09-03 13:25:34.830,nrf-350916066833768,6.24,7.71,9.66,SAFE
2022-09-03 13:25:34.830,nrf-350916066833768,5.96,7.28,8.94,SAFE
2022-09-03 13:25:34.830,nrf-350916066833768,5.04,5.56,7.57,SAFE
2022-09-03 13:25:34.830,nrf-350916066833768,2.88,2.37,2.22,SAFE
2022-09-03 13:03:43.381,nrf-350916066833768,17.1,11.8,21.0,SAFE
2022-09-03 13:03:43.381,nrf-350916066833768,16.7,14.4,18.8,SAFE
2022-09-03 13:03:43.381,nrf-350916066833768,23.7,13.4,21.9,SAFE
2022-09-03 13:03:43.381,nrf-350916066833768,25.7,14.9,21.6,SAFE
2022-09-03 13:03:43.381,nrf-350916066833768,22.0,19.9,19.3,SAFE
2022-09-03 12:47:41.678,nrf-350916066833768,2.76,2.07,2.17,SAFE
2022-09-03 12:47:41.678,nrf-350916066833768,2.72,2.21,2.28,SAFE
2022-09-03 12:47:41.678,nrf-350916066833768,2.53,2.01,2.12,SAFE
2022-09-03 12:47:41.678,nrf-350916066833768,2.79,2.03,2.12,SAFE
2022-09-03 12:47:41.678,nrf-350916066833768,2.94,2.28,2.18,SAFE
2022-09-03 12:22:58.512,nrf-350916066833768,34.7,19.6,25.7,SAFE
2022-09-03 12:22:58.512,nrf-350916066833768,29.3,20.5,30.9,SAFE
2022-09-03 12:22:58.512,nrf-350916066833768,34.0,24.9,29.8,SAFE
2022-09-03 12:22:58.512,nrf-350916066833768,28.3,22.4,24.7,SAFE
2022-09-03 12:22:58.512,nrf-350916066833768,23.0,19.1,22.6,SAFE
2022-09-03 10:48:21.241,nrf-350916066833768,6.11,5.83,7.49,SAFE
2022-09-03 10:48:21.241,nrf-350916066833768,3.09,2.76,3.16,SAFE
2022-09-03 10:48:21.241,nrf-350916066833768,2.85,2.28,2.46,SAFE
2022-09-03 10:48:21.241,nrf-350916066833768,2.85,2.41,2.52,SAFE
2022-09-03 10:48:21.241,nrf-350916066833768,2.96,2.43,2.43,SAFE
2022-09-03 10:23:50.581,nrf-350916066833768,18.0,17.6,14.7,SAFE
2022-09-03 10:23:50.581,nrf-350916066833768,15.0,8.62,13.0,SAFE
2022-09-03 10:23:50.581,nrf-350916066833768,3.01,2.16,9.35,SAFE
2022-09-03 10:23:50.581,nrf-350916066833768,2.90,1.95,9.32,SAFE
2022-09-03 10:23:50.581,nrf-350916066833768,2.68,1.20,9.14,SAFE
2022-09-03 09:59:36.577,nrf-350916066833768,5.64,6.60,8.07,SAFE
2022-09-03 09:59:36.577,nrf-350916066833768,2.70,2.41,2.32,SAFE
2022-09-03 09:59:36.577,nrf-350916066833768,2.76,2.16,2.24,SAFE
2022-09-03 09:59:36.577,nrf-350916066833768,2.73,2.11,2.41,SAFE
2022-09-03 09:59:36.577,nrf-350916066833768,2.71,1.98,2.01,SAFE
2022-09-03 09:30:19.648,nrf-350916066833768,25.8,15.0,20.3,SAFE
2022-09-03 09:30:19.648,nrf-350916066833768,18.1,14.4,16.8,SAFE
2022-09-03 09:30:19.648,nrf-350916066833768,25.3,18.1,20.2,SAFE
2022-09-03 09:30:19.648,nrf-350916066833768,20.6,16.0,19.2,SAFE
2022-09-03 09:30:19.648,nrf-350916066833768,1.95,2.26,9.34,SAFE
2022-09-03 09:14:03.489,nrf-350916066833768,2.70,2.24,2.87,SAFE
2022-09-03 09:14:03.489,nrf-350916066833768,2.82,2.20,2.22,SAFE
2022-09-03 09:14:03.489,nrf-350916066833768,2.86,2.31,2.40,SAFE
2022-09-03 09:14:03.489,nrf-350916066833768,2.76,2.27,2.50,SAFE
2022-09-03 09:14:03.489,nrf-350916066833768,2.73,2.20,2.35,SAFE
2022-09-03 08:54:02.594,nrf-350916066833768,2.55,1.98,9.19,SAFE
2022-09-03 08:54:02.594,nrf-350916066833768,1.84,1.13,8.94,SAFE
2022-09-03 08:54:02.594,nrf-350916066833768,1.33,0.853,8.92,SAFE
2022-09-03 08:54:02.594,nrf-350916066833768,0.987,0.685,9.10,SAFE
2022-09-03 08:54:02.594,nrf-350916066833768,1.07,0.558,8.86,SAFE
2022-09-03 08:15:54.653,nrf-350916066833768,5.09,3.80,6.93,SAFE
2022-09-03 08:15:54.653,nrf-350916066833768,2.78,2.30,2.24,SAFE
2022-09-03 08:15:54.653,nrf-350916066833768,2.68,2.45,2.49,SAFE
2022-09-03 08:15:54.653,nrf-350916066833768,2.84,2.25,2.33,SAFE
2022-09-03 08:15:54.653,nrf-350916066833768,2.69,2.19,2.38,SAFE
2022-09-03 07:16:33.857,nrf-350916066833768,5.83,3.90,12.0,SAFE
2022-09-03 07:16:33.857,nrf-350916066833768,9.13,5.23,12.4,SAFE
2022-09-03 07:16:33.857,nrf-350916066833768,9.92,5.72,12.5,SAFE
2022-09-03 07:16:33.857,nrf-350916066833768,3.63,4.21,14.0,SAFE
2022-09-03 07:16:33.857,nrf-350916066833768,1.88,1.16,8.99,SAFE
2022-09-03 06:55:20.591,nrf-350916066833768,7.14,8.58,7.56,SAFE
2022-09-03 06:55:20.591,nrf-350916066833768,5.90,6.22,7.31,SAFE
2022-09-03 06:55:20.591,nrf-350916066833768,6.36,7.20,7.28,SAFE
2022-09-03 06:55:20.591,nrf-350916066833768,5.31,6.90,7.89,SAFE
2022-09-03 06:55:20.591,nrf-350916066833768,7.60,8.48,8.35,SAFE
2022-09-03 06:15:57.271,nrf-350916066833768,5.85,4.42,13.3,SAFE
2022-09-03 06:15:57.271,nrf-350916066833768,1.24,0.662,9.14,SAFE
2022-09-03 06:15:57.271,nrf-350916066833768,1.11,0.713,9.09,SAFE
2022-09-03 06:15:57.271,nrf-350916066833768,0.911,0.871,9.10,SAFE
2022-09-03 06:15:57.271,nrf-350916066833768,0.907,0.864,8.99,SAFE
2022-09-03 05:49:10.353,nrf-350916066833768,7.48,10.7,9.45,SAFE
2022-09-03 05:49:10.353,nrf-350916066833768,3.41,3.54,4.06,SAFE
2022-09-03 05:49:10.353,nrf-350916066833768,3.81,4.36,5.62,SAFE
2022-09-03 05:49:10.353,nrf-350916066833768,4.13,5.22,5.79,SAFE
2022-09-03 05:49:10.353,nrf-350916066833768,3.27,4.15,4.86,SAFE
2022-09-03 04:56:22.589,nrf-350916066833768,10.6,6.49,15.4,SAFE
2022-09-03 04:56:22.589,nrf-350916066833768,6.02,5.25,11.0,SAFE
2022-09-03 04:56:22.589,nrf-350916066833768,9.57,5.53,12.1,SAFE
2022-09-03 04:56:22.589,nrf-350916066833768,1.70,0.835,8.99,SAFE
2022-09-03 04:56:22.589,nrf-350916066833768,1.50,0.835,9.13,SAFE
2022-09-03 03:47:55.980,nrf-350916066833768,2.74,2.23,3.11,SAFE
2022-09-03 03:47:55.980,nrf-350916066833768,2.71,2.10,2.21,SAFE
2022-09-03 03:47:55.980,nrf-350916066833768,2.47,2.20,2.21,SAFE
2022-09-03 03:47:55.980,nrf-350916066833768,2.79,2.29,2.27,SAFE
2022-09-03 03:47:55.980,nrf-350916066833768,2.57,2.31,2.11,SAFE
2022-09-03 00:06:58.364,nrf-350916066833768,8.51,4.44,11.7,SAFE
2022-09-03 00:06:58.364,nrf-350916066833768,8.97,4.18,10.6,SAFE
2022-09-03 00:06:58.364,nrf-350916066833768,11.5,7.97,14.2,SAFE
2022-09-03 00:06:58.364,nrf-350916066833768,9.68,4.26,11.6,SAFE
2022-09-03 00:06:58.364,nrf-350916066833768,10.5,6.22,12.9,SAFE
2022-09-02 23:38:37.784,nrf-350916066833768,7.02,8.45,9.52,SAFE
2022-09-02 23:38:37.784,nrf-350916066833768,6.25,7.21,7.81,SAFE
2022-09-02 23:38:37.784,nrf-350916066833768,6.47,7.46,8.97,SAFE
2022-09-02 23:38:37.784,nrf-350916066833768,6.42,8.29,10.2,SAFE
2022-09-02 23:38:37.784,nrf-350916066833768,7.20,8.68,8.76,SAFE
2022-09-02 23:24:22.530,nrf-350916066833768,11.9,13.0,18.3,SAFE
2022-09-02 23:24:22.530,nrf-350916066833768,15.4,10.5,14.2,SAFE
2022-09-02 23:24:22.530,nrf-350916066833768,10.4,12.3,15.3,SAFE
2022-09-02 23:24:22.530,nrf-350916066833768,11.4,16.8,14.8,SAFE
2022-09-02 23:24:22.530,nrf-350916066833768,13.9,17.9,19.7,SAFE
2022-09-02 22:56:56.173,nrf-350916066833768,15.6,14.9,14.0,SAFE
2022-09-02 22:56:56.173,nrf-350916066833768,3.21,2.87,3.55,SAFE
2022-09-02 22:56:56.173,nrf-350916066833768,3.01,2.34,2.62,SAFE
2022-09-02 22:56:56.173,nrf-350916066833768,2.98,2.40,2.88,SAFE
2022-09-02 22:56:56.173,nrf-350916066833768,2.69,2.40,2.89,SAFE
2022-09-02 22:31:59.193,nrf-350916066833768,7.48,4.69,12.7,SAFE
2022-09-02 22:31:59.193,nrf-350916066833768,7.95,5.50,12.8,SAFE
2022-09-02 22:31:59.193,nrf-350916066833768,9.34,8.36,15.1,SAFE
2022-09-02 22:31:59.193,nrf-350916066833768,10.3,7.38,12.5,SAFE
2022-09-02 22:31:59.193,nrf-350916066833768,9.52,10.3,15.3,SAFE
2022-09-02 22:18:07.657,nrf-350916066833768,3.83,4.45,7.77,SAFE
2022-09-02 22:18:07.657,nrf-350916066833768,2.57,2.19,2.18,SAFE
2022-09-02 22:18:07.657,nrf-350916066833768,2.72,2.10,2.15,SAFE
2022-09-02 22:18:07.657,nrf-350916066833768,2.69,2.15,2.21,SAFE
2022-09-02 22:18:07.657,nrf-350916066833768,2.85,2.23,2.27,SAFE
2022-09-02 21:36:14.150,nrf-350916066833768,15.5,16.1,17.9,SAFE
2022-09-02 21:36:14.150,nrf-350916066833768,14.7,13.2,15.5,SAFE
2022-09-02 21:36:14.150,nrf-350916066833768,5.20,4.03,11.8,SAFE
2022-09-02 21:36:14.150,nrf-350916066833768,2.26,1.50,8.99,SAFE
2022-09-02 21:36:14.150,nrf-350916066833768,2.05,1.70,9.27,SAFE
2022-09-02 21:06:29.654,nrf-350916066833768,7.67,9.23,11.9,SAFE
2022-09-02 21:06:29.654,nrf-350916066833768,6.02,6.96,9.57,SAFE
2022-09-02 21:06:29.654,nrf-350916066833768,11.6,10.6,15.0,SAFE
2022-09-02 21:06:29.654,nrf-350916066833768,3.94,4.46,7.54,SAFE
2022-09-02 21:06:29.654,nrf-350916066833768,2.87,2.45,2.45,SAFE
2022-09-02 20:49:59.577,nrf-350916066833768,14.0,11.5,13.6,SAFE
2022-09-02 20:49:59.577,nrf-350916066833768,6.59,3.99,12.0,SAFE
2022-09-02 20:49:59.577,nrf-350916066833768,5.89,3.00,9.88,SAFE
2022-09-02 20:49:59.577,nrf-350916066833768,5.82,3.57,10.3,SAFE
2022-09-02 20:49:59.577,nrf-350916066833768,7.02,2.32,11.2,SAFE
2022-09-02 20:25:10.629,nrf-350916066833768,9.35,11.7,14.7,SAFE
2022-09-02 20:25:10.629,nrf-350916066833768,8.41,10.3,12.0,SAFE
2022-09-02 20:25:10.629,nrf-350916066833768,8.12,9.52,13.3,SAFE
2022-09-02 20:25:10.629,nrf-350916066833768,3.09,3.19,4.85,SAFE
2022-09-02 20:25:10.629,nrf-350916066833768,2.91,2.25,2.65,SAFE
2022-09-02 20:11:15.883,nrf-350916066833768,22.4,20.8,24.8,SAFE
2022-09-02 20:11:15.883,nrf-350916066833768,28.1,18.5,23.0,SAFE
2022-09-02 20:11:15.883,nrf-350916066833768,18.3,18.9,20.2,SAFE
2022-09-02 20:11:15.883,nrf-350916066833768,20.8,16.6,19.7,SAFE
2022-09-02 20:11:15.883,nrf-350916066833768,9.45,8.65,15.1,SAFE
2022-09-02 19:57:17.099,nrf-350916066833768,8.35,9.72,10.2,SAFE
2022-09-02 19:57:17.099,nrf-350916066833768,7.49,8.30,14.6,SAFE
2022-09-02 19:57:17.099,nrf-350916066833768,6.63,7.58,12.1,SAFE
2022-09-02 19:57:17.099,nrf-350916066833768,7.21,9.09,11.3,SAFE
2022-09-02 19:57:17.099,nrf-350916066833768,3.37,2.82,3.76,SAFE
2022-09-02 19:40:50.419,nrf-350916066833768,17.1,11.7,16.9,SAFE
2022-09-02 19:40:50.419,nrf-350916066833768,12.8,8.55,12.8,SAFE
2022-09-02 19:40:50.419,nrf-350916066833768,14.3,10.3,17.8,SAFE
2022-09-02 19:40:50.419,nrf-350916066833768,9.00,6.54,13.5,SAFE
2022-09-02 19:40:50.419,nrf-350916066833768,19.6,14.0,24.8,SAFE
2022-09-02 19:24:23.213,nrf-350916066833768,5.96,7.72,9.37,SAFE
2022-09-02 19:24:23.213,nrf-350916066833768,7.96,8.73,11.1,SAFE
2022-09-02 19:24:23.213,nrf-350916066833768,6.89,9.60,11.6,SAFE
2022-09-02 19:24:23.213,nrf-350916066833768,6.78,8.25,10.4,SAFE
2022-09-02 19:24:23.213,nrf-350916066833768,7.28,7.57,11.1,SAFE
2022-09-02 18:47:04.968,nrf-350916066833768,9.17,9.24,15.6,SAFE
2022-09-02 18:47:04.968,nrf-350916066833768,7.00,3.55,12.2,SAFE
2022-09-02 18:47:04.968,nrf-350916066833768,5.44,2.65,10.4,SAFE
2022-09-02 18:47:04.968,nrf-350916066833768,6.40,2.23,11.5,SAFE
2022-09-02 18:47:04.968,nrf-350916066833768,5.37,2.52,9.96,SAFE
2022-09-02 18:34:46.541,nrf-350916066833768,3.83,4.39,4.92,SAFE
2022-09-02 18:34:46.541,nrf-350916066833768,4.38,4.16,5.58,SAFE
2022-09-02 18:34:46.541,nrf-350916066833768,5.33,4.85,8.58,SAFE
2022-09-02 18:34:46.541,nrf-350916066833768,3.95,4.09,5.95,SAFE
2022-09-02 18:34:46.541,nrf-350916066833768,2.71,2.18,2.37,SAFE
2022-09-02 17:53:42.410,nrf-350916066833768,1.28,1.18,10.5,SAFE
2022-09-02 17:53:42.410,nrf-350916066833768,1.02,0.700,9.32,SAFE
2022-09-02 17:53:42.410,nrf-350916066833768,1.05,0.853,9.30,SAFE
2022-09-02 17:53:42.410,nrf-350916066833768,1.04,0.980,9.24,SAFE
2022-09-02 17:53:42.410,nrf-350916066833768,1.14,1.01,9.21,SAFE
2022-09-02 17:29:15.551,nrf-350916066833768,8.11,9.95,12.0,SAFE
2022-09-02 17:29:15.551,nrf-350916066833768,8.11,10.6,12.4,SAFE
2022-09-02 17:29:15.551,nrf-350916066833768,7.12,10.5,12.4,SAFE
2022-09-02 17:29:15.551,nrf-350916066833768,5.07,6.12,6.48,SAFE
2022-09-02 17:29:15.551,nrf-350916066833768,2.92,2.38,2.10,SAFE
2022-09-02 16:58:31.223,nrf-350916066833768,18.6,19.6,23.9,SAFE
2022-09-02 16:58:31.223,nrf-350916066833768,21.1,16.5,27.5,SAFE
2022-09-02 16:58:31.223,nrf-350916066833768,16.9,11.8,20.5,SAFE
2022-09-02 16:58:31.223,nrf-350916066833768,16.5,13.8,22.1,SAFE
2022-09-02 16:58:31.223,nrf-350916066833768,21.3,16.7,15.2,SAFE
2022-09-02 16:41:40.910,nrf-350916066833768,4.10,5.67,6.74,SAFE
2022-09-02 16:41:40.910,nrf-350916066833768,5.76,7.05,7.67,SAFE
2022-09-02 16:41:40.910,nrf-350916066833768,4.02,4.65,6.25,SAFE
2022-09-02 16:41:40.910,nrf-350916066833768,4.23,4.99,6.85,SAFE
2022-09-02 16:41:40.910,nrf-350916066833768,4.03,5.19,7.52,SAFE
2022-09-02 16:24:03.045,nrf-350916066833768,21.3,17.2,16.6,SAFE
2022-09-02 16:24:03.045,nrf-350916066833768,22.3,17.8,21.8,SAFE
2022-09-02 16:24:03.045,nrf-350916066833768,12.5,9.68,15.6,SAFE
2022-09-02 16:24:03.045,nrf-350916066833768,3.61,1.60,10.3,SAFE
2022-09-02 16:24:03.045,nrf-350916066833768,3.67,1.01,9.85,SAFE
2022-09-02 15:57:05.491,nrf-350916066833768,7.03,7.46,11.6,SAFE
2022-09-02 15:57:05.491,nrf-350916066833768,6.56,7.94,11.5,SAFE
2022-09-02 15:57:05.491,nrf-350916066833768,6.58,7.34,10.3,SAFE
2022-09-02 15:57:05.491,nrf-350916066833768,7.06,9.18,13.9,SAFE
2022-09-02 15:57:05.491,nrf-350916066833768,7.30,9.02,12.6,SAFE
2022-09-02 15:24:10.237,nrf-350916066833768,24.9,18.2,23.9,SAFE
2022-09-02 15:24:10.237,nrf-350916066833768,24.3,13.6,18.1,SAFE
2022-09-02 15:24:10.237,nrf-350916066833768,22.5,15.0,24.8,SAFE
2022-09-02 15:24:10.237,nrf-350916066833768,15.5,13.8,18.3,SAFE
2022-09-02 15:24:10.237,nrf-350916066833768,2.18,1.52,9.31,SAFE
2022-09-02 15:02:30.017,nrf-350916066833768,7.88,8.79,10.7,SAFE
2022-09-02 15:02:30.017,nrf-350916066833768,9.67,9.85,14.9,SAFE
2022-09-02 15:02:30.017,nrf-350916066833768,6.95,8.76,11.8,SAFE
2022-09-02 15:02:30.017,nrf-350916066833768,9.14,10.5,15.1,SAFE
2022-09-02 15:02:30.017,nrf-350916066833768,7.07,8.93,11.2,SAFE
2022-09-02 14:23:44.176,nrf-350916066833768,21.1,17.1,26.1,SAFE
2022-09-02 14:23:44.176,nrf-350916066833768,25.8,16.1,22.0,SAFE
2022-09-02 14:23:44.176,nrf-350916066833768,4.22,2.00,10.9,SAFE
2022-09-02 14:23:44.176,nrf-350916066833768,2.18,0.944,9.49,SAFE
2022-09-02 14:23:44.176,nrf-350916066833768,2.17,0.705,9.10,SAFE
2022-09-02 13:49:04.276,nrf-350916066833768,2.79,2.22,3.66,SAFE
2022-09-02 13:49:04.276,nrf-350916066833768,2.66,2.27,2.27,SAFE
2022-09-02 13:49:04.276,nrf-350916066833768,2.62,2.14,2.47,SAFE
2022-09-02 13:49:04.276,nrf-350916066833768,2.66,2.30,2.35,SAFE
2022-09-02 13:49:04.276,nrf-350916066833768,2.64,2.28,2.26,SAFE
2022-09-02 13:12:06.618,nrf-350916066833768,16.7,13.5,15.4,SAFE
2022-09-02 13:12:06.618,nrf-350916066833768,26.7,9.00,15.8,SAFE
2022-09-02 13:12:06.618,nrf-350916066833768,11.4,6.24,10.8,SAFE
2022-09-02 13:12:06.618,nrf-350916066833768,15.5,10.2,19.5,SAFE
2022-09-02 13:12:06.618,nrf-350916066833768,14.5,7.51,15.9,SAFE
2022-09-02 12:58:23.605,nrf-350916066833768,7.16,9.40,9.99,SAFE
2022-09-02 12:58:23.605,nrf-350916066833768,7.59,9.06,9.65,SAFE
2022-09-02 12:58:23.605,nrf-350916066833768,7.77,9.43,10.5,SAFE
2022-09-02 12:58:23.605,nrf-350916066833768,8.47,9.20,12.2,SAFE
2022-09-02 12:58:23.605,nrf-350916066833768,6.91,8.68,9.36,SAFE
2022-09-02 12:35:42.025,nrf-350916066833768,29.4,15.6,22.7,SAFE
2022-09-02 12:35:42.025,nrf-350916066833768,28.3,19.9,20.2,SAFE
2022-09-02 12:35:42.025,nrf-350916066833768,9.04,9.52,16.5,SAFE
2022-09-02 12:35:42.025,nrf-350916066833768,3.71,2.02,9.36,SAFE
2022-09-02 12:35:42.025,nrf-350916066833768,3.62,1.46,9.22,SAFE
2022-09-02 11:59:48.592,nrf-350916066833768,7.45,7.79,9.02,SAFE
2022-09-02 11:59:48.592,nrf-350916066833768,5.04,5.41,9.43,SAFE
2022-09-02 11:59:48.592,nrf-350916066833768,7.15,6.05,11.7,SAFE
2022-09-02 11:59:48.592,nrf-350916066833768,5.11,6.45,8.91,SAFE
2022-09-02 11:59:48.592,nrf-350916066833768,5.46,5.97,9.72,SAFE
2022-09-02 10:47:02.147,nrf-350916066833768,6.01,4.82,11.2,SAFE
2022-09-02 10:47:02.147,nrf-350916066833768,6.87,5.92,13.5,SAFE
2022-09-02 10:47:02.147,nrf-350916066833768,7.15,4.94,11.6,SAFE
2022-09-02 10:47:02.147,nrf-350916066833768,10.5,6.87,12.8,SAFE
2022-09-02 10:47:02.147,nrf-350916066833768,10.5,8.61,13.8,SAFE
2022-09-02 10:24:47.274,nrf-350916066833768,7.55,9.30,11.3,SAFE
2022-09-02 10:24:47.274,nrf-350916066833768,7.21,8.93,10.7,SAFE
2022-09-02 10:24:47.274,nrf-350916066833768,7.57,9.49,11.3,SAFE
2022-09-02 10:24:47.274,nrf-350916066833768,3.25,3.02,3.53,SAFE
2022-09-02 10:24:47.274,nrf-350916066833768,2.86,2.52,2.31,SAFE
2022-09-02 09:48:16.181,nrf-350916066833768,6.86,4.80,13.1,SAFE
2022-09-02 09:48:16.181,nrf-350916066833768,0.708,0.752,9.09,SAFE
2022-09-02 09:48:16.181,nrf-350916066833768,0.984,0.776,8.94,SAFE
2022-09-02 09:48:16.181,nrf-350916066833768,0.759,0.636,9.43,SAFE
2022-09-02 09:48:16.181,nrf-350916066833768,0.848,0.826,9.38,SAFE
2022-09-02 09:30:31.282,nrf-350916066833768,6.61,7.55,9.18,SAFE
2022-09-02 09:30:31.282,nrf-350916066833768,6.72,7.44,7.98,SAFE
2022-09-02 09:30:31.282,nrf-350916066833768,7.22,8.26,10.5,SAFE
2022-09-02 09:30:31.282,nrf-350916066833768,6.24,7.66,10.3,SAFE
2022-09-02 09:30:31.282,nrf-350916066833768,2.60,2.28,2.23,SAFE
2022-09-02 09:14:48.453,nrf-350916066833768,6.93,6.45,12.5,SAFE
2022-09-02 09:14:48.453,nrf-350916066833768,1.40,0.495,9.19,SAFE
2022-09-02 09:14:48.453,nrf-350916066833768,0.905,0.717,9.21,SAFE
2022-09-02 09:14:48.453,nrf-350916066833768,1.18,0.562,8.99,SAFE
2022-09-02 09:14:48.453,nrf-350916066833768,1.24,0.951,8.96,SAFE
2022-09-02 08:50:16.053,nrf-350916066833768,3.80,3.72,6.47,SAFE
2022-09-02 08:50:16.053,nrf-350916066833768,14.3,16.0,16.8,SAFE
2022-09-02 08:50:16.053,nrf-350916066833768,4.17,4.32,6.99,SAFE
2022-09-02 08:50:16.053,nrf-350916066833768,2.83,2.47,2.63,SAFE
2022-09-02 08:50:16.053,nrf-350916066833768,3.08,2.46,2.59,SAFE
2022-09-02 08:27:41.567,nrf-350916066833768,18.5,13.0,19.0,SAFE
2022-09-02 08:27:41.567,nrf-350916066833768,25.4,15.6,23.9,SAFE
2022-09-02 08:27:41.567,nrf-350916066833768,34.8,18.7,35.5,SAFE
2022-09-02 08:27:41.567,nrf-350916066833768,7.39,2.22,10.2,SAFE
2022-09-02 08:27:41.567,nrf-350916066833768,4.84,1.56,9.37,SAFE
2022-09-02 08:11:31.898,nrf-350916066833768,5.96,7.57,8.83,SAFE
2022-09-02 08:11:31.898,nrf-350916066833768,4.11,4.66,4.47,SAFE
2022-09-02 08:11:31.898,nrf-350916066833768,2.71,2.08,2.06,SAFE
2022-09-02 08:11:31.898,nrf-350916066833768,2.79,2.16,2.19,SAFE
2022-09-02 08:11:31.898,nrf-350916066833768,2.65,2.06,2.25,SAFE
2022-09-02 07:47:52.018,nrf-350916066833768,3.50,1.99,9.28,SAFE
2022-09-02 07:47:52.018,nrf-350916066833768,0.922,0.595,8.87,SAFE
2022-09-02 07:47:52.018,nrf-350916066833768,0.787,0.674,9.20,SAFE
2022-09-02 07:47:52.018,nrf-350916066833768,0.854,0.697,9.16,SAFE
2022-09-02 07:47:52.018,nrf-350916066833768,0.988,0.687,9.16,SAFE
2022-09-02 07:17:08.141,nrf-350916066833768,3.00,2.63,4.04,SAFE
2022-09-02 07:17:08.141,nrf-350916066833768,2.67,2.03,2.04,SAFE
2022-09-02 07:17:08.141,nrf-350916066833768,2.51,2.41,2.14,SAFE
2022-09-02 07:17:08.141,nrf-350916066833768,2.61,2.00,2.23,SAFE
2022-09-02 07:17:08.141,nrf-350916066833768,2.70,2.31,2.26,SAFE
2022-09-02 06:47:55.897,nrf-350916066833768,12.6,8.40,12.9,SAFE
2022-09-02 06:47:55.897,nrf-350916066833768,5.90,3.00,9.95,SAFE
2022-09-02 06:47:55.897,nrf-350916066833768,4.46,1.95,9.45,SAFE
2022-09-02 06:47:55.897,nrf-350916066833768,4.24,1.68,9.16,SAFE
2022-09-02 06:47:55.897,nrf-350916066833768,3.71,1.41,9.42,SAFE
2022-09-02 06:17:37.601,nrf-350916066833768,10.1,8.34,8.57,SAFE
2022-09-02 06:17:37.601,nrf-350916066833768,2.65,2.23,2.22,SAFE
2022-09-02 06:17:37.601,nrf-350916066833768,2.62,2.17,2.12,SAFE
2022-09-02 06:17:37.601,nrf-350916066833768,2.50,2.44,2.16,SAFE
2022-09-02 06:17:37.601,nrf-350916066833768,2.49,2.25,2.37,SAFE
2022-09-02 05:46:49.589,nrf-350916066833768,21.6,17.1,18.3,SAFE
2022-09-02 05:46:49.589,nrf-350916066833768,14.6,17.9,16.8,SAFE
2022-09-02 05:46:49.589,nrf-350916066833768,20.7,18.0,14.5,SAFE
2022-09-02 05:46:49.589,nrf-350916066833768,17.8,14.3,20.6,SAFE
2022-09-02 05:46:49.589,nrf-350916066833768,8.30,15.8,13.7,SAFE
2022-09-02 03:15:05.649,nrf-350916066833768,5.87,6.90,8.88,SAFE
2022-09-02 03:15:05.649,nrf-350916066833768,7.13,8.41,12.9,SAFE
2022-09-02 03:15:05.649,nrf-350916066833768,5.39,7.15,10.3,SAFE
2022-09-02 03:15:05.649,nrf-350916066833768,7.94,7.89,13.8,SAFE
2022-09-02 03:15:05.649,nrf-350916066833768,4.98,7.09,10.1,SAFE
2022-09-02 01:32:02.268,nrf-350916066833768,9.50,7.36,21.4,SAFE
2022-09-02 01:32:02.268,nrf-350916066833768,10.6,7.99,15.1,SAFE
2022-09-02 01:32:02.268,nrf-350916066833768,16.9,9.45,17.0,SAFE
2022-09-02 01:32:02.268,nrf-350916066833768,23.4,20.2,17.6,SAFE
2022-09-02 01:32:02.268,nrf-350916066833768,19.5,16.8,19.5,SAFE
2022-09-02 00:45:58.853,nrf-350916066833768,2.52,2.09,2.21,SAFE
2022-09-02 00:45:58.853,nrf-350916066833768,2.66,2.10,2.43,SAFE
2022-09-02 00:45:58.853,nrf-350916066833768,2.53,2.25,2.41,SAFE
2022-09-02 00:45:58.853,nrf-350916066833768,2.48,2.25,2.41,SAFE
2022-09-02 00:45:58.853,nrf-350916066833768,2.54,2.32,2.42,SAFE
2022-09-01 23:46:30.275,nrf-350916066833768,13.8,9.94,18.1,SAFE
2022-09-01 23:46:30.275,nrf-350916066833768,13.3,11.3,15.9,SAFE
2022-09-01 23:46:30.275,nrf-350916066833768,14.4,10.0,15.7,SAFE
2022-09-01 23:46:30.275,nrf-350916066833768,15.3,10.2,14.4,SAFE
2022-09-01 23:46:30.275,nrf-350916066833768,6.07,6.51,11.4,SAFE
2022-09-01 23:30:22.356,nrf-350916066833768,2.83,2.30,3.12,SAFE
2022-09-01 23:30:22.356,nrf-350916066833768,2.88,2.22,1.90,SAFE
2022-09-01 23:30:22.356,nrf-350916066833768,2.58,2.32,2.20,SAFE
2022-09-01 23:30:22.356,nrf-350916066833768,2.75,2.30,2.41,SAFE
2022-09-01 23:30:22.356,nrf-350916066833768,2.69,2.60,2.54,SAFE
2022-09-01 23:17:14.111,nrf-350916066833768,22.4,12.3,18.6,SAFE
2022-09-01 23:17:14.111,nrf-350916066833768,18.9,12.2,17.0,SAFE
2022-09-01 23:17:14.111,nrf-350916066833768,17.6,12.6,16.3,SAFE
2022-09-01 23:17:14.111,nrf-350916066833768,1.21,1.36,8.99,SAFE
2022-09-01 23:17:14.111,nrf-350916066833768,1.42,0.898,9.02,SAFE
2022-09-01 22:38:37.760,nrf-350916066833768,8.56,7.43,12.6,SAFE
2022-09-01 22:38:37.760,nrf-350916066833768,3.80,3.88,5.61,SAFE
2022-09-01 22:38:37.760,nrf-350916066833768,4.25,4.54,5.74,SAFE
2022-09-01 22:38:37.760,nrf-350916066833768,3.56,4.49,6.51,SAFE
2022-09-01 22:38:37.760,nrf-350916066833768,9.35,15.0,17.0,SAFE
2022-09-01 22:06:11.121,nrf-350916066833768,16.8,11.9,24.2,SAFE
2022-09-01 22:06:11.121,nrf-350916066833768,12.0,11.7,17.2,SAFE
2022-09-01 22:06:11.121,nrf-350916066833768,2.39,1.62,9.05,SAFE
2022-09-01 22:06:11.121,nrf-350916066833768,2.04,0.976,9.07,SAFE
2022-09-01 22:06:11.121,nrf-350916066833768,1.42,0.607,9.16,SAFE
2022-09-01 21:38:38.585,nrf-350916066833768,9.20,10.4,19.3,SAFE
2022-09-01 21:38:38.585,nrf-350916066833768,4.38,5.48,6.81,SAFE
2022-09-01 21:38:38.585,nrf-350916066833768,6.98,6.51,10.4,SAFE
2022-09-01 21:38:38.585,nrf-350916066833768,9.49,7.44,10.3,SAFE
2022-09-01 21:38:38.585,nrf-350916066833768,4.91,6.14,8.76,SAFE
2022-09-01 21:16:37.620,nrf-350916066833768,1.58,0.850,9.91,SAFE
2022-09-01 21:16:37.620,nrf-350916066833768,1.10,0.775,9.10,SAFE
2022-09-01 21:16:37.620,nrf-350916066833768,1.21,0.868,9.09,SAFE
2022-09-01 21:16:37.620,nrf-350916066833768,0.727,0.814,9.37,SAFE
2022-09-01 21:16:37.620,nrf-350916066833768,1.17,0.924,9.13,SAFE
2022-09-01 20:51:04.897,nrf-350916066833768,4.15,4.21,5.02,SAFE
2022-09-01 20:51:04.897,nrf-350916066833768,3.02,2.64,2.53,SAFE
2022-09-01 20:51:04.897,nrf-350916066833768,2.79,2.75,3.21,SAFE
2022-09-01 20:51:04.897,nrf-350916066833768,2.85,2.39,2.80,SAFE
2022-09-01 20:51:04.897,nrf-350916066833768,2.90,2.54,2.61,SAFE
2022-09-01 20:37:22.994,nrf-350916066833768,4.24,2.14,9.26,SAFE
2022-09-01 20:37:22.994,nrf-350916066833768,3.55,4.46,10.8,SAFE
2022-09-01 20:37:22.994,nrf-350916066833768,3.33,2.59,8.33,SAFE
2022-09-01 20:37:22.994,nrf-350916066833768,2.78,2.55,11.2,SAFE
2022-09-01 20:37:22.994,nrf-350916066833768,3.16,2.39,9.17,SAFE
2022-09-01 20:25:20.974,nrf-350916066833768,6.24,6.70,8.38,SAFE
2022-09-01 20:25:20.974,nrf-350916066833768,3.09,2.81,3.18,SAFE
2022-09-01 20:25:20.974,nrf-350916066833768,2.65,2.23,2.24,SAFE
2022-09-01 20:25:20.974,nrf-350916066833768,2.82,2.14,2.04,SAFE
2022-09-01 20:25:20.974,nrf-350916066833768,2.70,2.60,2.32,SAFE
2022-09-01 19:54:29.992,nrf-350916066833768,6.09,5.37,12.7,SAFE
2022-09-01 19:54:29.992,nrf-350916066833768,6.52,4.04,12.7,SAFE
2022-09-01 19:54:29.992,nrf-350916066833768,14.4,10.7,12.8,SAFE
2022-09-01 19:54:29.992,nrf-350916066833768,10.4,7.52,11.5,SAFE
2022-09-01 19:54:29.992,nrf-350916066833768,6.69,3.23,10.9,SAFE
2022-09-01 19:33:43.772,nrf-350916066833768,5.75,6.31,8.66,SAFE
2022-09-01 19:33:43.772,nrf-350916066833768,2.81,2.38,2.43,SAFE
2022-09-01 19:33:43.772,nrf-350916066833768,3.01,2.23,2.26,SAFE
2022-09-01 19:33:43.772,nrf-350916066833768,2.85,2.22,2.29,SAFE
2022-09-01 19:33:43.772,nrf-350916066833768,2.80,2.36,2.40,SAFE
2022-09-01 18:51:57.167,nrf-350916066833768,9.18,5.59,15.6,SAFE
2022-09-01 18:51:57.167,nrf-350916066833768,6.78,3.49,10.8,SAFE
2022-09-01 18:51:57.167,nrf-350916066833768,6.16,2.77,9.31,SAFE
2022-09-01 18:51:57.167,nrf-350916066833768,6.82,2.80,11.1,SAFE
2022-09-01 18:51:57.167,nrf-350916066833768,6.44,1.91,10.3,SAFE
2022-09-01 18:10:45.963,nrf-350916066833768,6.67,8.20,12.4,SAFE
2022-09-01 18:10:45.963,nrf-350916066833768,4.02,4.96,6.80,SAFE
2022-09-01 18:10:45.963,nrf-350916066833768,4.14,5.09,6.22,SAFE
2022-09-01 18:10:45.963,nrf-350916066833768,4.74,6.01,8.03,SAFE
2022-09-01 18:10:45.963,nrf-350916066833768,4.19,5.35,7.58,SAFE
2022-09-01 17:51:53.401,nrf-350916066833768,20.6,12.1,16.5,SAFE
2022-09-01 17:51:53.401,nrf-350916066833768,3.64,3.49,10.7,SAFE
2022-09-01 17:51:53.401,nrf-350916066833768,2.59,1.26,9.21,SAFE
2022-09-01 17:51:53.401,nrf-350916066833768,2.09,0.864,9.15,SAFE
2022-09-01 17:51:53.401,nrf-350916066833768,1.80,0.851,9.32,SAFE
2022-09-01 17:09:53.318,nrf-350916066833768,2.92,2.20,2.01,SAFE
2022-09-01 17:09:53.318,nrf-350916066833768,2.66,2.39,2.24,SAFE
2022-09-01 17:09:53.318,nrf-350916066833768,2.83,2.01,2.07,SAFE
2022-09-01 17:09:53.318,nrf-350916066833768,2.76,2.14,2.04,SAFE
2022-09-01 17:09:53.318,nrf-350916066833768,2.71,2.22,2.22,SAFE
2022-09-01 16:47:33.837,nrf-350916066833768,3.82,4.34,9.46,SAFE
2022-09-01 16:47:33.837,nrf-350916066833768,3.65,1.96,9.78,SAFE
2022-09-01 16:47:33.837,nrf-350916066833768,6.14,2.49,10.8,SAFE
2022-09-01 16:47:33.837,nrf-350916066833768,3.80,1.53,10.6,SAFE
2022-09-01 16:47:33.837,nrf-350916066833768,4.81,1.59,10.3,SAFE
2022-09-01 16:23:54.597,nrf-350916066833768,9.43,12.5,14.8,SAFE
2022-09-01 16:23:54.597,nrf-350916066833768,7.84,9.73,12.7,SAFE
2022-09-01 16:23:54.597,nrf-350916066833768,7.41,9.23,11.4,SAFE
2022-09-01 16:23:54.597,nrf-350916066833768,3.99,6.18,8.85,SAFE
2022-09-01 16:23:54.597,nrf-350916066833768,2.87,2.37,2.69,SAFE
2022-09-01 15:48:25.686,nrf-350916066833768,14.1,10.4,16.9,SAFE
2022-09-01 15:48:25.686,nrf-350916066833768,8.32,4.98,11.5,SAFE
2022-09-01 15:48:25.686,nrf-350916066833768,9.52,2.86,10.6,SAFE
2022-09-01 15:48:25.686,nrf-350916066833768,9.00,3.11,9.05,SAFE
2022-09-01 15:48:25.686,nrf-350916066833768,8.63,2.19,9.64,SAFE
2022-09-01 15:24:40.089,nrf-350916066833768,6.90,8.65,9.44,SAFE
2022-09-01 15:24:40.089,nrf-350916066833768,5.72,8.06,7.37,SAFE
2022-09-01 15:24:40.089,nrf-350916066833768,2.75,2.15,2.22,SAFE
2022-09-01 15:24:40.089,nrf-350916066833768,2.83,2.19,2.31,SAFE
2022-09-01 15:24:40.089,nrf-350916066833768,2.84,2.20,2.08,SAFE
2022-09-01 14:45:06.595,nrf-350916066833768,16.6,11.1,17.5,SAFE
2022-09-01 14:45:06.595,nrf-350916066833768,18.0,10.4,17.9,SAFE
2022-09-01 14:45:06.595,nrf-350916066833768,14.2,9.81,15.0,SAFE
2022-09-01 14:45:06.595,nrf-350916066833768,18.8,15.0,16.0,SAFE
2022-09-01 14:45:06.595,nrf-350916066833768,16.2,10.8,13.1,SAFE
2022-09-01 14:25:40.412,nrf-350916066833768,5.51,6.82,9.87,SAFE
2022-09-01 14:25:40.412,nrf-350916066833768,2.97,2.37,2.65,SAFE
2022-09-01 14:25:40.412,nrf-350916066833768,2.72,2.20,2.17,SAFE
2022-09-01 14:25:40.412,nrf-350916066833768,2.74,2.35,2.07,SAFE
2022-09-01 14:25:40.412,nrf-350916066833768,2.94,2.14,2.19,SAFE
2022-09-01 13:37:34.743,nrf-350916066833768,29.4,19.7,31.7,SAFE
2022-09-01 13:37:34.743,nrf-350916066833768,12.8,5.94,14.7,SAFE
2022-09-01 13:37:34.743,nrf-350916066833768,14.6,5.02,13.3,SAFE
2022-09-01 13:37:34.743,nrf-350916066833768,12.5,4.12,9.86,SAFE
2022-09-01 13:37:34.743,nrf-350916066833768,16.2,4.92,12.3,SAFE
2022-09-01 13:21:52.741,nrf-350916066833768,8.37,10.2,18.0,SAFE
2022-09-01 13:21:52.741,nrf-350916066833768,8.34,9.37,10.7,SAFE
2022-09-01 13:21:52.741,nrf-350916066833768,8.23,10.1,13.9,SAFE
2022-09-01 13:21:52.741,nrf-350916066833768,6.83,7.84,9.05,SAFE
2022-09-01 13:21:52.741,nrf-350916066833768,2.73,2.28,2.27,SAFE
2022-09-01 12:57:04.751,nrf-350916066833768,18.0,15.1,19.3,SAFE
2022-09-01 12:57:04.751,nrf-350916066833768,13.9,10.2,22.7,SAFE
2022-09-01 12:57:04.751,nrf-350916066833768,16.4,13.3,18.3,SAFE
2022-09-01 12:57:04.751,nrf-350916066833768,14.1,12.4,17.8,SAFE
2022-09-01 12:57:04.751,nrf-350916066833768,16.6,22.7,15.2,SAFE
2022-09-01 12:23:30.333,nrf-350916066833768,7.89,9.87,11.4,SAFE
2022-09-01 12:23:30.333,nrf-350916066833768,8.05,10.5,11.2,SAFE
2022-09-01 12:23:30.333,nrf-350916066833768,5.93,7.38,7.99,SAFE
2022-09-01 12:23:30.333,nrf-350916066833768,3.13,2.61,3.57,SAFE
2022-09-01 12:23:30.333,nrf-350916066833768,2.85,2.26,2.24,SAFE
2022-09-01 12:05:59.461,nrf-350916066833768,5.86,1.79,11.3,SAFE
2022-09-01 12:05:59.461,nrf-350916066833768,6.78,2.45,12.9,SAFE
2022-09-01 12:05:59.461,nrf-350916066833768,7.83,1.67,12.1,SAFE
2022-09-01 12:05:59.461,nrf-350916066833768,9.36,2.57,17.1,SAFE
2022-09-01 12:05:59.461,nrf-350916066833768,6.66,3.55,13.0,SAFE
2022-09-01 11:11:54.850,nrf-350916066833768,5.43,8.50,10.9,SAFE
2022-09-01 11:11:54.850,nrf-350916066833768,3.43,3.09,3.44,SAFE
2022-09-01 11:11:54.850,nrf-350916066833768,2.95,2.77,2.89,SAFE
2022-09-01 11:11:54.850,nrf-350916066833768,2.96,2.79,2.88,SAFE
2022-09-01 11:11:54.850,nrf-350916066833768,2.95,2.61,2.56,SAFE
2022-09-01 10:47:54.583,nrf-350916066833768,9.77,7.52,14.8,SAFE
2022-09-01 10:47:54.583,nrf-350916066833768,4.56,2.94,10.5,SAFE
2022-09-01 10:47:54.583,nrf-350916066833768,4.61,2.05,8.76,SAFE
2022-09-01 10:47:54.583,nrf-350916066833768,5.40,1.87,10.4,SAFE
2022-09-01 10:47:54.583,nrf-350916066833768,4.66,1.63,8.73,SAFE
2022-09-01 10:26:41.646,nrf-350916066833768,6.98,8.70,12.7,SAFE
2022-09-01 10:26:41.646,nrf-350916066833768,7.31,9.30,12.3,SAFE
2022-09-01 10:26:41.646,nrf-350916066833768,6.70,8.43,12.7,SAFE
2022-09-01 10:26:41.646,nrf-350916066833768,3.03,2.10,2.54,SAFE
2022-09-01 10:26:41.646,nrf-350916066833768,2.72,2.34,2.08,SAFE
2022-09-01 09:47:48.685,nrf-350916066833768,17.1,10.1,16.2,SAFE
2022-09-01 09:47:48.685,nrf-350916066833768,7.86,5.48,12.6,SAFE
2022-09-01 09:47:48.685,nrf-350916066833768,6.00,3.20,8.69,SAFE
2022-09-01 09:47:48.685,nrf-350916066833768,7.18,3.19,11.0,SAFE
2022-09-01 09:47:48.685,nrf-350916066833768,6.18,2.47,12.4,SAFE
2022-09-01 09:32:02.414,nrf-350916066833768,6.86,8.25,10.4,SAFE
2022-09-01 09:32:02.414,nrf-350916066833768,8.21,9.16,8.67,SAFE
2022-09-01 09:32:02.414,nrf-350916066833768,9.03,10.1,12.8,SAFE
2022-09-01 09:32:02.414,nrf-350916066833768,8.24,9.60,14.4,SAFE
2022-09-01 09:32:02.414,nrf-350916066833768,2.72,2.23,2.19,SAFE
2022-09-01 09:01:45.941,nrf-350916066833768,25.1,15.4,18.8,SAFE
2022-09-01 09:01:45.941,nrf-350916066833768,11.5,15.3,19.8,SAFE
2022-09-01 09:01:45.941,nrf-350916066833768,26.2,14.5,19.1,SAFE
2022-09-01 09:01:45.941,nrf-350916066833768,17.3,18.4,18.5,SAFE
2022-09-01 09:01:45.941,nrf-350916066833768,17.1,19.1,19.2,SAFE
2022-09-01 08:47:57.119,nrf-350916066833768,6.05,6.57,10.1,SAFE
2022-09-01 08:47:57.119,nrf-350916066833768,7.44,8.46,15.6,SAFE
2022-09-01 08:47:57.119,nrf-350916066833768,3.04,2.64,2.92,SAFE
2022-09-01 08:47:57.119,nrf-350916066833768,2.77,2.36,2.37,SAFE
2022-09-01 08:47:57.119,nrf-350916066833768,2.67,2.31,2.58,SAFE
2022-09-01 08:15:58.646,nrf-350916066833768,4.72,3.26,10.4,SAFE
2022-09-01 08:15:58.646,nrf-350916066833768,1.03,0.439,8.96,SAFE
2022-09-01 08:15:58.646,nrf-350916066833768,1.33,0.772,9.20,SAFE
2022-09-01 08:15:58.646,nrf-350916066833768,0.971,0.657,8.95,SAFE
2022-09-01 08:15:58.646,nrf-350916066833768,0.909,0.858,8.95,SAFE
2022-09-01 07:47:49.689,nrf-350916066833768,14.2,15.7,12.1,SAFE
2022-09-01 07:47:49.689,nrf-350916066833768,2.83,2.49,2.68,SAFE
2022-09-01 07:47:49.689,nrf-350916066833768,2.51,2.53,2.51,SAFE
2022-09-01 07:47:49.689,nrf-350916066833768,2.68,2.23,2.24,SAFE
2022-09-01 07:47:49.689,nrf-350916066833768,2.73,2.32,2.26,SAFE
2022-09-01 07:21:51.750,nrf-350916066833768,1.10,1.37,9.73,SAFE
2022-09-01 07:21:51.750,nrf-350916066833768,1.13,0.715,8.98,SAFE
2022-09-01 07:21:51.750,nrf-350916066833768,0.982,0.709,8.95,SAFE
2022-09-01 07:21:51.750,nrf-350916066833768,0.803,0.845,9.04,SAFE
2022-09-01 07:21:51.750,nrf-350916066833768,1.06,0.912,9.05,SAFE
2022-09-01 07:06:22.528,nrf-350916066833768,5.89,6.62,8.46,SAFE
2022-09-01 07:06:22.528,nrf-350916066833768,4.64,5.87,7.46,SAFE
2022-09-01 07:06:22.528,nrf-350916066833768,8.77,6.99,11.6,SAFE
2022-09-01 07:06:22.528,nrf-350916066833768,4.36,5.05,6.30,SAFE
2022-09-01 07:06:22.528,nrf-350916066833768,4.02,4.83,6.58,SAFE
2022-09-01 06:47:06.165,nrf-350916066833768,7.91,5.65,12.8,SAFE
2022-09-01 06:47:06.165,nrf-350916066833768,11.7,9.50,15.8,SAFE
2022-09-01 06:47:06.165,nrf-350916066833768,3.85,2.60,10.6,SAFE
2022-09-01 06:47:06.165,nrf-350916066833768,2.74,1.42,9.83,SAFE
2022-09-01 06:47:06.165,nrf-350916066833768,2.81,1.16,9.40,SAFE
2022-09-01 06:17:49.458,nrf-350916066833768,6.44,7.81,12.7,SAFE
2022-09-01 06:17:49.458,nrf-350916066833768,2.55,2.10,2.26,SAFE
2022-09-01 06:17:49.458,nrf-350916066833768,2.49,2.17,2.31,SAFE
2022-09-01 06:17:49.458,nrf-350916066833768,2.76,2.10,2.18,SAFE
2022-09-01 06:17:49.458,nrf-350916066833768,2.64,2.27,2.37,SAFE
2022-09-01 05:52:47.770,nrf-350916066833768,15.6,9.23,14.6,SAFE
2022-09-01 05:52:47.770,nrf-350916066833768,6.29,2.90,9.92,SAFE
2022-09-01 05:52:47.770,nrf-350916066833768,5.33,2.34,9.17,SAFE
2022-09-01 05:52:47.770,nrf-350916066833768,6.38,2.53,10.6,SAFE
2022-09-01 05:52:47.770,nrf-350916066833768,5.31,2.68,10.6,SAFE
2022-09-01 04:54:54.421,nrf-350916066833768,5.58,5.60,9.16,SAFE
2022-09-01 04:54:54.421,nrf-350916066833768,2.49,2.10,2.38,SAFE
2022-09-01 04:54:54.421,nrf-350916066833768,2.60,2.27,2.12,SAFE
2022-09-01 04:54:54.421,nrf-350916066833768,2.68,2.05,2.59,SAFE
2022-09-01 04:54:54.421,nrf-350916066833768,2.65,2.45,2.45,SAFE
2022-09-01 03:26:32.391,nrf-350916066833768,8.25,7.50,12.7,SAFE
2022-09-01 03:26:32.391,nrf-350916066833768,6.69,4.99,11.8,SAFE
2022-09-01 03:26:32.391,nrf-350916066833768,8.21,4.37,10.2,SAFE
2022-09-01 03:26:32.391,nrf-350916066833768,9.84,4.57,10.1,SAFE
2022-09-01 03:26:32.391,nrf-350916066833768,7.99,6.49,11.7,SAFE
2022-09-01 02:45:26.237,nrf-350916066833768,5.55,5.01,8.69,SAFE
2022-09-01 02:45:26.237,nrf-350916066833768,3.77,4.39,6.20,SAFE
2022-09-01 02:45:26.237,nrf-350916066833768,4.14,4.08,7.00,SAFE
2022-09-01 02:45:26.237,nrf-350916066833768,4.07,4.43,5.98,SAFE
2022-09-01 02:45:26.237,nrf-350916066833768,3.78,4.18,5.69,SAFE
2022-09-01 01:12:14.148,nrf-350916066833768,14.0,10.7,21.4,SAFE
2022-09-01 01:12:14.148,nrf-350916066833768,15.2,11.1,18.2,SAFE
2022-09-01 01:12:14.148,nrf-350916066833768,14.0,10.8,19.1,SAFE
2022-09-01 01:12:14.148,nrf-350916066833768,14.5,13.6,16.1,SAFE
2022-09-01 01:12:14.148,nrf-350916066833768,14.2,10.1,17.2,SAFE
2022-09-01 00:35:43.221,nrf-350916066833768,4.23,5.12,5.96,SAFE
2022-09-01 00:35:43.221,nrf-350916066833768,5.05,6.65,9.29,SAFE
2022-09-01 00:35:43.221,nrf-350916066833768,4.58,5.47,6.99,SAFE
2022-09-01 00:35:43.221,nrf-350916066833768,5.11,5.95,7.20,SAFE
2022-09-01 00:35:43.221,nrf-350916066833768,7.92,9.60,12.5,SAFE
2022-09-01 00:12:46.847,nrf-350916066833768,20.1,17.7,17.4,SAFE
2022-09-01 00:12:46.847,nrf-350916066833768,23.1,13.2,21.8,SAFE
2022-09-01 00:12:46.847,nrf-350916066833768,12.1,7.05,14.1,SAFE
2022-09-01 00:12:46.847,nrf-350916066833768,10.0,7.79,13.4,SAFE
2022-09-01 00:12:46.847,nrf-350916066833768,9.78,12.1,16.5,SAFE
2022-08-31 22:47:44.597,nrf-350916066833768,4.63,4.98,8.84,SAFE
2022-08-31 22:47:44.597,nrf-350916066833768,6.94,6.45,12.6,SAFE
2022-08-31 22:47:44.597,nrf-350916066833768,5.17,5.58,8.71,SAFE
2022-08-31 22:47:44.597,nrf-350916066833768,12.2,13.3,14.0,SAFE
2022-08-31 22:47:44.597,nrf-350916066833768,2.74,2.26,2.01,SAFE
2022-08-31 21:48:51.803,nrf-350916066833768,8.58,5.66,15.3,SAFE
2022-08-31 21:48:51.803,nrf-350916066833768,13.8,10.7,17.7,SAFE
2022-08-31 21:48:51.803,nrf-350916066833768,4.13,3.21,10.7,SAFE
2022-08-31 21:48:51.803,nrf-350916066833768,3.75,1.98,8.82,SAFE
2022-08-31 21:48:51.803,nrf-350916066833768,4.89,1.80,9.72,SAFE
2022-08-31 21:14:13.589,nrf-350916066833768,6.76,8.13,9.31,SAFE
2022-08-31 21:14:13.589,nrf-350916066833768,7.91,10.0,13.7,SAFE
2022-08-31 21:14:13.589,nrf-350916066833768,5.55,6.06,7.81,SAFE
2022-08-31 21:14:13.589,nrf-350916066833768,4.06,4.52,5.53,SAFE
2022-08-31 21:14:13.589,nrf-350916066833768,2.66,2.13,2.15,SAFE
2022-08-31 20:55:58.061,nrf-350916066833768,15.0,12.7,14.7,SAFE
2022-08-31 20:55:58.061,nrf-350916066833768,3.15,1.83,9.02,SAFE
2022-08-31 20:55:58.061,nrf-350916066833768,1.50,0.915,9.19,SAFE
2022-08-31 20:55:58.061,nrf-350916066833768,1.31,0.827,9.02,SAFE
2022-08-31 20:55:58.061,nrf-350916066833768,1.14,0.752,9.35,SAFE
2022-08-31 20:41:17.590,nrf-350916066833768,8.42,10.4,14.6,SAFE
2022-08-31 20:41:17.590,nrf-350916066833768,7.03,9.47,12.8,SAFE
2022-08-31 20:41:17.590,nrf-350916066833768,9.24,12.2,14.4,SAFE
2022-08-31 20:41:17.590,nrf-350916066833768,5.52,6.41,8.08,SAFE
2022-08-31 20:41:17.590,nrf-350916066833768,2.80,2.44,2.99,SAFE
2022-08-31 19:47:48.827,nrf-350916066833768,8.90,7.76,13.7,SAFE
2022-08-31 19:47:48.827,nrf-350916066833768,3.52,2.24,11.4,SAFE
2022-08-31 19:47:48.827,nrf-350916066833768,4.00,2.18,8.82,SAFE
2022-08-31 19:47:48.827,nrf-350916066833768,4.57,1.58,8.82,SAFE
2022-08-31 19:47:48.827,nrf-350916066833768,4.40,1.66,9.73,SAFE
2022-08-31 19:27:03.928,nrf-350916066833768,6.87,7.91,9.80,SAFE
2022-08-31 19:27:03.928,nrf-350916066833768,6.17,8.46,12.0,SAFE
2022-08-31 19:27:03.928,nrf-350916066833768,6.58,8.52,11.7,SAFE
2022-08-31 19:27:03.928,nrf-350916066833768,6.06,7.80,12.5,SAFE
2022-08-31 19:27:03.928,nrf-350916066833768,2.82,2.44,3.47,SAFE
2022-08-31 18:55:48.197,nrf-350916066833768,2.01,1.21,10.0,SAFE
2022-08-31 18:55:48.197,nrf-350916066833768,1.18,0.646,9.38,SAFE
2022-08-31 18:55:48.197,nrf-350916066833768,1.41,0.997,8.99,SAFE
2022-08-31 18:55:48.197,nrf-350916066833768,0.929,1.01,8.96,SAFE
2022-08-31 18:55:48.197,nrf-350916066833768,1.42,0.875,9.21,SAFE
2022-08-31 17:50:45.644,nrf-350916066833768,5.01,5.13,6.68,SAFE
2022-08-31 17:50:45.644,nrf-350916066833768,3.40,2.70,3.12,SAFE
2022-08-31 17:50:45.644,nrf-350916066833768,2.93,2.79,3.66,SAFE
2022-08-31 17:50:45.644,nrf-350916066833768,2.94,2.54,2.74,SAFE
2022-08-31 17:50:45.644,nrf-350916066833768,2.79,2.47,2.62,SAFE
2022-08-31 17:25:57.671,nrf-350916066833768,22.8,15.2,20.3,SAFE
2022-08-31 17:25:57.671,nrf-350916066833768,20.5,15.3,18.7,SAFE
2022-08-31 17:25:57.671,nrf-350916066833768,21.6,11.4,22.1,SAFE
2022-08-31 17:25:57.671,nrf-350916066833768,10.5,13.0,16.7,SAFE
2022-08-31 17:25:57.671,nrf-350916066833768,2.99,2.43,9.94,SAFE
2022-08-31 17:04:42.613,nrf-350916066833768,7.71,9.79,13.3,SAFE
2022-08-31 17:04:42.613,nrf-350916066833768,3.87,4.49,3.39,SAFE
2022-08-31 17:04:42.613,nrf-350916066833768,3.50,3.63,3.07,SAFE
2022-08-31 17:04:42.613,nrf-350916066833768,3.39,3.73,3.22,SAFE
2022-08-31 17:04:42.613,nrf-350916066833768,3.05,3.33,2.82,SAFE
2022-08-31 16:22:44.817,nrf-350916066833768,23.2,18.5,24.8,SAFE
2022-08-31 16:22:44.817,nrf-350916066833768,22.7,12.1,27.7,SAFE
2022-08-31 16:22:44.817,nrf-350916066833768,23.1,16.3,25.8,SAFE
2022-08-31 16:22:44.817,nrf-350916066833768,4.13,3.11,10.2,SAFE
2022-08-31 16:22:44.817,nrf-350916066833768,3.63,1.46,9.51,SAFE
2022-08-31 15:51:34.994,nrf-350916066833768,5.88,5.76,8.37,SAFE
2022-08-31 15:51:34.994,nrf-350916066833768,2.89,2.69,2.88,SAFE
2022-08-31 15:51:34.994,nrf-350916066833768,2.95,2.79,2.75,SAFE
2022-08-31 15:51:34.994,nrf-350916066833768,3.00,2.36,2.42,SAFE
2022-08-31 15:51:34.994,nrf-350916066833768,2.75,2.39,2.27,SAFE
2022-08-31 15:27:30.620,nrf-350916066833768,22.0,21.5,24.8,SAFE
2022-08-31 15:27:30.620,nrf-350916066833768,18.7,15.2,20.5,SAFE
2022-08-31 15:27:30.620,nrf-350916066833768,17.5,15.8,19.2,SAFE
2022-08-31 15:27:30.620,nrf-350916066833768,22.6,18.8,18.6,SAFE
2022-08-31 15:27:30.620,nrf-350916066833768,3.07,3.61,9.26,SAFE
2022-08-31 14:56:26.001,nrf-350916066833768,4.49,4.29,5.90,SAFE
2022-08-31 14:56:26.001,nrf-350916066833768,3.01,2.18,2.42,SAFE
2022-08-31 14:56:26.001,nrf-350916066833768,2.76,1.97,2.19,SAFE
2022-08-31 14:56:26.001,nrf-350916066833768,2.86,2.05,2.10,SAFE
2022-08-31 14:56:26.001,nrf-350916066833768,2.72,2.17,2.14,SAFE
2022-08-31 14:25:19.237,nrf-350916066833768,21.1,14.2,19.4,SAFE
2022-08-31 14:25:19.237,nrf-350916066833768,18.6,19.1,20.2,SAFE
2022-08-31 14:25:19.237,nrf-350916066833768,22.6,15.0,26.4,SAFE
2022-08-31 14:25:19.237,nrf-350916066833768,5.56,2.78,9.46,SAFE
2022-08-31 14:25:19.237,nrf-350916066833768,4.59,1.40,9.39,SAFE
2022-08-31 13:50:47.591,nrf-350916066833768,5.64,5.15,8.13,SAFE
2022-08-31 13:50:47.591,nrf-350916066833768,3.19,2.57,2.71,SAFE
2022-08-31 13:50:47.591,nrf-350916066833768,2.69,2.72,2.85,SAFE
2022-08-31 13:50:47.591,nrf-350916066833768,3.00,2.45,2.55,SAFE
2022-08-31 13:50:47.591,nrf-350916066833768,2.91,2.53,2.68,SAFE
2022-08-31 13:24:12.588,nrf-350916066833768,20.2,17.0,19.5,SAFE
2022-08-31 13:24:12.588,nrf-350916066833768,16.6,10.2,15.7,SAFE
2022-08-31 13:24:12.588,nrf-350916066833768,11.2,9.61,16.4,SAFE
2022-08-31 13:24:12.588,nrf-350916066833768,15.7,7.50,15.8,SAFE
2022-08-31 13:24:12.588,nrf-350916066833768,11.6,9.42,15.0,SAFE
2022-08-31 12:58:31.613,nrf-350916066833768,7.52,9.89,10.9,SAFE
2022-08-31 12:58:31.613,nrf-350916066833768,6.36,8.14,8.72,SAFE
2022-08-31 12:58:31.613,nrf-350916066833768,8.16,9.52,10.9,SAFE
2022-08-31 12:58:31.613,nrf-350916066833768,8.62,10.0,11.7,SAFE
2022-08-31 12:58:31.613,nrf-350916066833768,7.15,9.33,9.96,SAFE
2022-08-31 12:30:54.124,nrf-350916066833768,7.00,7.73,17.4,SAFE
2022-08-31 12:30:54.124,nrf-350916066833768,12.2,4.49,13.0,SAFE
2022-08-31 12:30:54.124,nrf-350916066833768,10.7,5.73,12.6,SAFE
2022-08-31 12:30:54.124,nrf-350916066833768,15.6,7.73,14.8,SAFE
2022-08-31 12:30:54.124,nrf-350916066833768,15.6,7.56,14.6,SAFE
2022-08-31 12:06:17.584,nrf-350916066833768,7.64,9.01,12.8,SAFE
2022-08-31 12:06:17.584,nrf-350916066833768,7.16,8.35,9.79,SAFE
2022-08-31 12:06:17.584,nrf-350916066833768,7.37,9.42,10.6,SAFE
2022-08-31 12:06:17.584,nrf-350916066833768,7.64,9.13,10.0,SAFE
2022-08-31 12:06:17.584,nrf-350916066833768,6.72,8.31,9.62,SAFE
2022-08-31 11:42:59.600,nrf-350916066833768,24.6,13.3,22.5,SAFE
2022-08-31 11:42:59.600,nrf-350916066833768,18.6,18.6,27.6,SAFE
2022-08-31 11:42:59.600,nrf-350916066833768,19.8,15.7,21.1,SAFE
2022-08-31 11:42:59.600,nrf-350916066833768,15.2,12.9,23.5,SAFE
2022-08-31 11:42:59.600,nrf-350916066833768,23.6,15.2,28.3,SAFE
2022-08-31 11:24:34.749,nrf-350916066833768,7.10,8.77,10.1,SAFE
2022-08-31 11:24:34.749,nrf-350916066833768,7.55,8.84,10.1,SAFE
2022-08-31 11:24:34.749,nrf-350916066833768,6.59,7.52,9.47,SAFE
2022-08-31 11:24:34.749,nrf-350916066833768,6.62,8.20,10.6,SAFE
2022-08-31 11:24:34.749,nrf-350916066833768,3.76,4.92,5.33,SAFE
2022-08-31 10:50:52.595,nrf-350916066833768,20.2,12.9,18.5,SAFE
2022-08-31 10:50:52.595,nrf-350916066833768,13.4,12.9,17.0,SAFE
2022-08-31 10:50:52.595,nrf-350916066833768,10.1,9.11,14.1,SAFE
2022-08-31 10:50:52.595,nrf-350916066833768,6.09,3.65,9.03,SAFE
2022-08-31 10:50:52.595,nrf-350916066833768,5.25,1.96,10.0,SAFE
2022-08-31 10:24:27.407,nrf-350916066833768,8.80,9.82,10.7,SAFE
2022-08-31 10:24:27.407,nrf-350916066833768,7.36,8.29,8.09,SAFE
2022-08-31 10:24:27.407,nrf-350916066833768,6.85,9.06,8.46,SAFE
2022-08-31 10:24:27.407,nrf-350916066833768,3.21,3.61,4.36,SAFE
2022-08-31 10:24:27.407,nrf-350916066833768,2.76,1.94,2.09,SAFE
2022-08-31 09:55:27.493,nrf-350916066833768,6.98,4.26,12.8,SAFE
2022-08-31 09:55:27.493,nrf-350916066833768,4.72,2.52,9.72,SAFE
2022-08-31 09:55:27.493,nrf-350916066833768,3.81,1.82,9.56,SAFE
2022-08-31 09:55:27.493,nrf-350916066833768,4.32,1.68,9.84,SAFE
2022-08-31 09:55:27.493,nrf-350916066833768,2.94,1.84,9.96,SAFE
2022-08-31 09:31:19.837,nrf-350916066833768,5.08,5.45,7.56,SAFE
2022-08-31 09:31:19.837,nrf-350916066833768,5.51,7.34,9.00,SAFE
2022-08-31 09:31:19.837,nrf-350916066833768,6.41,7.90,9.85,SAFE
2022-08-31 09:31:19.837,nrf-350916066833768,3.87,5.19,5.62,SAFE
2022-08-31 09:31:19.837,nrf-350916066833768,2.73,2.24,2.11,SAFE
2022-08-31 08:55:34.109,nrf-350916066833768,16.0,15.2,14.8,SAFE
2022-08-31 08:55:34.109,nrf-350916066833768,9.44,5.51,10.6,SAFE
2022-08-31 08:55:34.109,nrf-350916066833768,2.20,1.17,9.54,SAFE
2022-08-31 08:55:34.109,nrf-350916066833768,1.58,0.820,8.92,SAFE
2022-08-31 08:55:34.109,nrf-350916066833768,1.49,0.892,8.93,SAFE
2022-08-31 08:36:12.728,nrf-350916066833768,3.46,4.25,5.59,SAFE
2022-08-31 08:36:12.728,nrf-350916066833768,3.25,4.08,4.62,SAFE
2022-08-31 08:36:12.728,nrf-350916066833768,4.04,5.90,5.33,SAFE
2022-08-31 08:36:12.728,nrf-350916066833768,4.34,6.11,6.36,SAFE
2022-08-31 08:36:12.728,nrf-350916066833768,3.55,4.09,4.66,SAFE
2022-08-31 08:17:04.233,nrf-350916066833768,7.64,5.93,11.3,SAFE
2022-08-31 08:17:04.233,nrf-350916066833768,1.17,0.653,9.21,SAFE
2022-08-31 08:17:04.233,nrf-350916066833768,1.07,0.587,8.93,SAFE
2022-08-31 08:17:04.233,nrf-350916066833768,1.31,0.699,9.18,SAFE
2022-08-31 08:17:04.233,nrf-350916066833768,1.01,0.877,8.91,SAFE
2022-08-31 07:48:20.698,nrf-350916066833768,4.59,6.03,6.92,SAFE
2022-08-31 07:48:20.698,nrf-350916066833768,2.77,2.18,2.15,SAFE
2022-08-31 07:48:20.698,nrf-350916066833768,2.68,2.28,2.21,SAFE
2022-08-31 07:48:20.698,nrf-350916066833768,2.54,2.33,2.43,SAFE
2022-08-31 07:48:20.698,nrf-350916066833768,2.52,2.28,2.14,SAFE
2022-08-31 07:17:24.944,nrf-350916066833768,12.0,7.09,15.1,SAFE
2022-08-31 07:17:24.944,nrf-350916066833768,0.994,0.659,8.97,SAFE
2022-08-31 07:17:24.944,nrf-350916066833768,1.03,0.650,9.07,SAFE
2022-08-31 07:17:24.944,nrf-350916066833768,1.34,0.597,9.02,SAFE
2022-08-31 07:17:24.944,nrf-350916066833768,0.960,0.587,9.06,SAFE
2022-08-31 06:48:11.730,nrf-350916066833768,2.37,2.11,2.41,SAFE
2022-08-31 06:48:11.730,nrf-350916066833768,2.48,2.07,2.02,SAFE
2022-08-31 06:48:11.730,nrf-350916066833768,2.57,2.15,2.10,SAFE
2022-08-31 06:48:11.730,nrf-350916066833768,2.52,2.26,2.21,SAFE
2022-08-31 06:48:11.730,nrf-350916066833768,2.41,1.94,2.29,SAFE
2022-08-31 06:16:18.464,nrf-350916066833768,9.66,16.4,13.5,SAFE
2022-08-31 06:16:18.464,nrf-350916066833768,1.09,0.781,9.30,SAFE
2022-08-31 06:16:18.464,nrf-350916066833768,0.858,0.738,9.03,SAFE
2022-08-31 06:16:18.464,nrf-350916066833768,0.942,0.611,8.94,SAFE
2022-08-31 06:16:18.464,nrf-350916066833768,0.897,0.858,8.94,SAFE
2022-08-31 05:48:02.738,nrf-350916066833768,5.35,6.52,7.40,SAFE
2022-08-31 05:48:02.738,nrf-350916066833768,5.67,6.07,7.60,SAFE
2022-08-31 05:48:02.738,nrf-350916066833768,4.82,5.18,6.14,SAFE
2022-08-31 05:48:02.738,nrf-350916066833768,5.80,6.32,7.59,SAFE
2022-08-31 05:48:02.738,nrf-350916066833768,5.02,5.98,7.34,SAFE
2022-08-31 05:14:32.983,nrf-350916066833768,27.6,12.4,18.9,SAFE
2022-08-31 05:14:32.983,nrf-350916066833768,9.89,6.86,13.3,SAFE
2022-08-31 05:14:32.983,nrf-350916066833768,15.7,17.2,16.2,SAFE
2022-08-31 05:14:32.983,nrf-350916066833768,9.20,8.80,13.6,SAFE
2022-08-31 05:14:32.983,nrf-350916066833768,16.9,11.6,16.4,SAFE
2022-08-31 04:26:36.658,nrf-350916066833768,4.10,4.18,6.53,SAFE
2022-08-31 04:26:36.658,nrf-350916066833768,3.60,3.90,4.37,SAFE
2022-08-31 04:26:36.658,nrf-350916066833768,3.45,3.82,4.37,SAFE
2022-08-31 04:26:36.658,nrf-350916066833768,3.49,3.09,3.55,SAFE
2022-08-31 04:26:36.658,nrf-350916066833768,3.67,3.86,4.29,SAFE
2022-08-31 02:30:55.197,nrf-350916066833768,14.0,10.7,18.6,SAFE
2022-08-31 02:30:55.197,nrf-350916066833768,8.79,6.77,13.4,SAFE
2022-08-31 02:30:55.197,nrf-350916066833768,16.9,6.53,13.7,SAFE
2022-08-31 02:30:55.197,nrf-350916066833768,8.81,8.90,12.0,SAFE
2022-08-31 02:30:55.197,nrf-350916066833768,9.30,5.71,11.9,SAFE
2022-08-31 00:46:43.953,nrf-350916066833768,2.56,2.51,3.34,SAFE
2022-08-31 00:46:43.953,nrf-350916066833768,2.44,2.13,2.09,SAFE
2022-08-31 00:46:43.953,nrf-350916066833768,2.60,1.98,2.21,SAFE
2022-08-31 00:46:43.953,nrf-350916066833768,2.62,2.28,2.20,SAFE
2022-08-31 00:46:43.953,nrf-350916066833768,2.66,2.17,2.21,SAFE
2022-08-31 00:21:40.710,nrf-350916066833768,13.0,9.22,13.8,SAFE
2022-08-31 00:21:40.710,nrf-350916066833768,15.5,20.1,34.1,SAFE
2022-08-31 00:21:40.710,nrf-350916066833768,15.3,9.32,22.0,SAFE
2022-08-31 00:21:40.710,nrf-350916066833768,21.9,8.64,25.4,SAFE
2022-08-31 00:21:40.710,nrf-350916066833768,22.9,19.4,25.8,SAFE
2022-08-30 23:53:44.129,nrf-350916066833768,9.92,13.9,13.0,SAFE
2022-08-30 23:53:44.129,nrf-350916066833768,4.08,5.02,6.18,SAFE
2022-08-30 23:53:44.129,nrf-350916066833768,5.22,5.96,8.46,SAFE
2022-08-30 23:53:44.129,nrf-350916066833768,4.65,28.1,8.81,SAFE
2022-08-30 23:53:44.129,nrf-350916066833768,10.1,11.1,13.1,SAFE
2022-08-30 22:50:18.654,nrf-350916066833768,7.70,7.43,12.9,SAFE
2022-08-30 22:50:18.654,nrf-350916066833768,8.72,5.63,10.9,SAFE
2022-08-30 22:50:18.654,nrf-350916066833768,13.4,7.76,13.1,SAFE
2022-08-30 22:50:18.654,nrf-350916066833768,13.3,8.52,15.3,SAFE
2022-08-30 22:50:18.654,nrf-350916066833768,5.17,4.71,10.5,SAFE
2022-08-30 21:47:22.541,nrf-350916066833768,2.58,2.52,2.44,SAFE
2022-08-30 21:47:22.541,nrf-350916066833768,2.54,2.12,2.11,SAFE
2022-08-30 21:47:22.541,nrf-350916066833768,2.59,2.12,2.25,SAFE
2022-08-30 21:47:22.541,nrf-350916066833768,2.59,2.22,2.20,SAFE
2022-08-30 21:47:22.541,nrf-350916066833768,2.72,2.13,2.28,SAFE
2022-08-30 21:17:11.296,nrf-350916066833768,12.9,10.0,14.5,SAFE
2022-08-30 21:17:11.296,nrf-350916066833768,17.8,9.34,17.8,SAFE
2022-08-30 21:17:11.296,nrf-350916066833768,2.02,1.31,9.24,SAFE
2022-08-30 21:17:11.296,nrf-350916066833768,1.61,1.36,9.11,SAFE
2022-08-30 21:17:11.296,nrf-350916066833768,1.63,0.839,9.23,SAFE
2022-08-30 21:03:24.076,nrf-350916066833768,7.88,9.67,9.93,SAFE
2022-08-30 21:03:24.076,nrf-350916066833768,7.53,10.2,12.3,SAFE
2022-08-30 21:03:24.076,nrf-350916066833768,8.30,11.1,11.9,SAFE
2022-08-30 21:03:24.076,nrf-350916066833768,4.54,5.28,6.40,SAFE
2022-08-30 21:03:24.076,nrf-350916066833768,2.92,2.32,1.99,SAFE
2022-08-30 20:48:32.130,nrf-350916066833768,8.18,7.63,16.0,SAFE
2022-08-30 20:48:32.130,nrf-350916066833768,4.19,3.08,11.4,SAFE
2022-08-30 20:48:32.130,nrf-350916066833768,2.82,2.10,9.73,SAFE
2022-08-30 20:48:32.130,nrf-350916066833768,3.79,1.64,9.58,SAFE
2022-08-30 20:48:32.130,nrf-350916066833768,3.48,1.45,9.31,SAFE
2022-08-30 20:33:00.630,nrf-350916066833768,5.69,5.88,8.89,SAFE
2022-08-30 20:33:00.630,nrf-350916066833768,6.81,7.71,11.0,SAFE
2022-08-30 20:33:00.630,nrf-350916066833768,5.33,5.72,10.6,SAFE
2022-08-30 20:33:00.630,nrf-350916066833768,5.32,5.94,9.25,SAFE
2022-08-30 20:33:00.630,nrf-350916066833768,4.10,4.40,5.48,SAFE
2022-08-30 19:15:19.537,nrf-350916066833768,15.9,11.8,18.8,SAFE
2022-08-30 19:15:19.537,nrf-350916066833768,18.0,14.4,20.1,SAFE
2022-08-30 19:15:19.537,nrf-350916066833768,14.1,11.2,17.3,SAFE
2022-08-30 19:15:19.537,nrf-350916066833768,15.8,11.9,13.7,SAFE
2022-08-30 19:15:19.537,nrf-350916066833768,24.6,14.7,20.8,SAFE
2022-08-30 18:49:46.093,nrf-350916066833768,6.14,6.35,7.31,SAFE
2022-08-30 18:49:46.093,nrf-350916066833768,6.57,7.42,7.72,SAFE
2022-08-30 18:49:46.093,nrf-350916066833768,2.74,2.67,3.16,SAFE
2022-08-30 18:49:46.093,nrf-350916066833768,2.62,2.35,2.19,SAFE
2022-08-30 18:49:46.093,nrf-350916066833768,2.65,2.23,2.17,SAFE
2022-08-30 17:59:27.025,nrf-350916066833768,21.0,16.3,22.1,SAFE
2022-08-30 17:59:27.025,nrf-350916066833768,16.0,17.1,17.3,SAFE
2022-08-30 17:59:27.025,nrf-350916066833768,17.8,19.9,20.2,SAFE
2022-08-30 17:59:27.025,nrf-350916066833768,18.1,20.2,20.8,SAFE
2022-08-30 17:59:27.025,nrf-350916066833768,21.1,17.1,22.1,SAFE
2022-08-30 17:42:04.723,nrf-350916066833768,5.43,8.20,8.96,SAFE
2022-08-30 17:42:04.723,nrf-350916066833768,3.69,4.32,5.62,SAFE
2022-08-30 17:42:04.723,nrf-350916066833768,3.67,3.93,4.38,SAFE
2022-08-30 17:42:04.723,nrf-350916066833768,3.87,4.12,4.63,SAFE
2022-08-30 17:42:04.723,nrf-350916066833768,6.26,4.37,6.82,SAFE
2022-08-30 16:52:42.478,nrf-350916066833768,9.42,5.83,10.8,SAFE
2022-08-30 16:52:42.478,nrf-350916066833768,4.81,2.71,8.42,SAFE
2022-08-30 16:52:42.478,nrf-350916066833768,4.69,2.32,11.0,SAFE
2022-08-30 16:52:42.478,nrf-350916066833768,4.57,2.10,10.9,SAFE
2022-08-30 16:52:42.478,nrf-350916066833768,6.01,1.57,9.18,SAFE
2022-08-30 16:22:26.073,nrf-350916066833768,6.77,8.84,11.0,SAFE
2022-08-30 16:22:26.073,nrf-350916066833768,7.74,8.80,10.0,SAFE
2022-08-30 16:22:26.073,nrf-350916066833768,9.17,10.6,12.6,SAFE
2022-08-30 16:22:26.073,nrf-350916066833768,4.75,6.09,7.11,SAFE
2022-08-30 16:22:26.073,nrf-350916066833768,2.53,2.40,2.43,SAFE
2022-08-30 15:56:40.359,nrf-350916066833768,4.72,3.48,11.4,SAFE
2022-08-30 15:56:40.359,nrf-350916066833768,3.43,1.58,9.26,SAFE
2022-08-30 15:56:40.359,nrf-350916066833768,3.86,1.26,9.20,SAFE
2022-08-30 15:56:40.359,nrf-350916066833768,3.33,1.15,8.82,SAFE
2022-08-30 15:56:40.359,nrf-350916066833768,2.47,0.960,9.35,SAFE
2022-08-30 15:24:41.597,nrf-350916066833768,6.66,8.83,11.7,SAFE
2022-08-30 15:24:41.597,nrf-350916066833768,6.02,7.58,8.78,SAFE
2022-08-30 15:24:41.597,nrf-350916066833768,5.30,6.10,7.58,SAFE
2022-08-30 15:24:41.597,nrf-350916066833768,5.58,6.69,8.82,SAFE
2022-08-30 15:24:41.597,nrf-350916066833768,6.46,7.26,10.9,SAFE
2022-08-30 15:09:05.581,nrf-350916066833768,28.9,15.9,23.6,SAFE
2022-08-30 15:09:05.581,nrf-350916066833768,14.3,19.8,23.1,SAFE
2022-08-30 15:09:05.581,nrf-350916066833768,22.2,13.7,22.7,SAFE
2022-08-30 15:09:05.581,nrf-350916066833768,18.5,17.4,26.7,SAFE
2022-08-30 15:09:05.581,nrf-350916066833768,26.4,15.5,23.1,SAFE
2022-08-30 14:48:52.170,nrf-350916066833768,5.55,6.06,7.32,SAFE
2022-08-30 14:48:52.170,nrf-350916066833768,3.34,2.83,3.32,SAFE
2022-08-30 14:48:52.170,nrf-350916066833768,2.82,2.58,2.96,SAFE
2022-08-30 14:48:52.170,nrf-350916066833768,2.44,2.39,2.59,SAFE
2022-08-30 14:48:52.170,nrf-350916066833768,2.62,2.30,2.37,SAFE
2022-08-30 14:34:31.913,nrf-350916066833768,14.5,11.7,19.2,SAFE
2022-08-30 14:34:31.913,nrf-350916066833768,15.6,10.7,19.6,SAFE
2022-08-30 14:34:31.913,nrf-350916066833768,11.2,11.2,15.0,SAFE
2022-08-30 14:34:31.913,nrf-350916066833768,6.93,5.18,10.5,SAFE
2022-08-30 14:34:31.913,nrf-350916066833768,5.01,1.70,9.41,SAFE
2022-08-30 14:20:57.602,nrf-350916066833768,3.75,4.63,6.18,SAFE
2022-08-30 14:20:57.602,nrf-350916066833768,6.14,7.22,10.8,SAFE
2022-08-30 14:20:57.602,nrf-350916066833768,4.25,4.18,5.66,SAFE
2022-08-30 14:20:57.602,nrf-350916066833768,4.09,4.35,6.19,SAFE
2022-08-30 14:20:57.602,nrf-350916066833768,3.11,3.07,3.87,SAFE
2022-08-30 13:23:49.928,nrf-350916066833768,22.4,25.8,23.7,SAFE
2022-08-30 13:23:49.928,nrf-350916066833768,27.2,19.0,20.8,SAFE
2022-08-30 13:23:49.928,nrf-350916066833768,13.7,15.3,20.6,SAFE
2022-08-30 13:23:49.928,nrf-350916066833768,2.42,2.03,9.35,SAFE
2022-08-30 13:23:49.928,nrf-350916066833768,1.77,1.09,9.34,SAFE
2022-08-30 13:08:59.108,nrf-350916066833768,5.01,5.27,10.3,SAFE
2022-08-30 13:08:59.108,nrf-350916066833768,5.74,5.32,7.63,SAFE
2022-08-30 13:08:59.108,nrf-350916066833768,4.83,5.53,7.20,SAFE
2022-08-30 13:08:59.108,nrf-350916066833768,4.51,5.20,7.67,SAFE
2022-08-30 13:08:59.108,nrf-350916066833768,4.45,5.13,7.24,SAFE
2022-08-30 12:52:10.613,nrf-350916066833768,6.25,5.93,12.7,SAFE
2022-08-30 12:52:10.613,nrf-350916066833768,6.33,2.81,10.9,SAFE
2022-08-30 12:52:10.613,nrf-350916066833768,6.26,1.98,10.1,SAFE
2022-08-30 12:52:10.613,nrf-350916066833768,6.63,1.87,9.94,SAFE
2022-08-30 12:52:10.613,nrf-350916066833768,5.46,1.83,9.49,SAFE
2022-08-30 12:22:27.337,nrf-350916066833768,6.96,8.71,9.28,SAFE
2022-08-30 12:22:27.337,nrf-350916066833768,7.61,9.99,11.0,SAFE
2022-08-30 12:22:27.337,nrf-350916066833768,6.32,8.24,10.2,SAFE
2022-08-30 12:22:27.337,nrf-350916066833768,2.75,2.70,3.22,SAFE
2022-08-30 12:22:27.337,nrf-350916066833768,2.60,2.03,2.11,SAFE
2022-08-30 11:57:41.391,nrf-350916066833768,17.8,16.9,22.5,SAFE
2022-08-30 11:57:41.391,nrf-350916066833768,26.3,14.7,19.8,SAFE
2022-08-30 11:57:41.391,nrf-350916066833768,17.0,22.6,24.3,SAFE
2022-08-30 11:57:41.391,nrf-350916066833768,25.0,13.6,24.1,SAFE
2022-08-30 11:57:41.391,nrf-350916066833768,11.5,9.56,15.5,SAFE
2022-08-30 11:23:48.593,nrf-350916066833768,6.62,7.37,7.82,SAFE
2022-08-30 11:23:48.593,nrf-350916066833768,6.63,7.87,7.34,SAFE
2022-08-30 11:23:48.593,nrf-350916066833768,6.99,8.30,10.6,SAFE
2022-08-30 11:23:48.593,nrf-350916066833768,7.18,8.02,9.23,SAFE
2022-08-30 11:23:48.593,nrf-350916066833768,3.40,3.63,4.10,SAFE
2022-08-30 10:50:24.284,nrf-350916066833768,11.6,7.96,14.2,SAFE
2022-08-30 10:50:24.284,nrf-350916066833768,5.05,3.16,11.4,SAFE
2022-08-30 10:50:24.284,nrf-350916066833768,3.18,2.03,10.6,SAFE
2022-08-30 10:50:24.284,nrf-350916066833768,4.63,1.95,10.3,SAFE
2022-08-30 10:50:24.284,nrf-350916066833768,3.27,1.85,9.75,SAFE
2022-08-30 10:27:30.517,nrf-350916066833768,3.01,2.56,3.49,SAFE
2022-08-30 10:27:30.517,nrf-350916066833768,2.63,2.13,2.34,SAFE
2022-08-30 10:27:30.517,nrf-350916066833768,2.71,2.16,2.26,SAFE
2022-08-30 10:27:30.517,nrf-350916066833768,2.83,2.08,2.31,SAFE
2022-08-30 10:27:30.517,nrf-350916066833768,2.88,2.05,1.99,SAFE
2022-08-30 10:06:53.691,nrf-350916066833768,13.3,12.1,14.1,SAFE
2022-08-30 10:06:53.691,nrf-350916066833768,20.0,13.3,16.5,SAFE
2022-08-30 10:06:53.691,nrf-350916066833768,13.8,17.9,18.3,SAFE
2022-08-30 10:06:53.691,nrf-350916066833768,18.6,15.9,13.2,SAFE
2022-08-30 09:52:11.681,nrf-350916066833768,5.15,5.24,6.74,SAFE
2022-08-30 09:52:11.681,nrf-350916066833768,6.94,7.26,8.90,SAFE
2022-08-30 09:52:11.681,nrf-350916066833768,2.76,2.43,3.43,SAFE
2022-08-30 09:52:11.681,nrf-350916066833768,2.54,2.11,2.27,SAFE
2022-08-30 09:52:11.681,nrf-350916066833768,2.71,2.10,2.12,SAFE
2022-08-30 09:26:56.570,nrf-350916066833768,18.5,11.2,15.4,SAFE
2022-08-30 09:26:56.570,nrf-350916066833768,24.5,14.0,16.5,SAFE
2022-08-30 09:26:56.570,nrf-350916066833768,14.9,8.61,17.2,SAFE
2022-08-30 09:26:56.570,nrf-350916066833768,13.2,10.3,13.1,SAFE
2022-08-30 09:26:56.570,nrf-350916066833768,2.91,1.12,9.05,SAFE
2022-08-30 08:51:37.849,nrf-350916066833768,8.24,7.54,10.1,SAFE
2022-08-30 08:51:37.849,nrf-350916066833768,2.85,2.49,2.37,SAFE
2022-08-30 08:51:37.849,nrf-350916066833768,2.47,2.56,2.29,SAFE
2022-08-30 08:51:37.849,nrf-350916066833768,2.73,2.36,2.28,SAFE
2022-08-30 08:51:37.849,nrf-350916066833768,2.64,2.26,2.16,SAFE
2022-08-30 08:23:54.663,nrf-350916066833768,16.9,9.96,17.3,SAFE
2022-08-30 08:23:54.663,nrf-350916066833768,18.5,13.1,21.6,SAFE
2022-08-30 08:23:54.663,nrf-350916066833768,20.3,18.5,15.0,SAFE
2022-08-30 08:23:54.663,nrf-350916066833768,16.5,18.3,20.9,SAFE
2022-08-30 08:23:54.663,nrf-350916066833768,16.5,12.1,17.4,SAFE
2022-08-30 08:09:37.630,nrf-350916066833768,3.80,4.78,7.83,SAFE
2022-08-30 08:09:37.630,nrf-350916066833768,4.42,4.48,9.10,SAFE
2022-08-30 08:09:37.630,nrf-350916066833768,3.55,3.99,5.41,SAFE
2022-08-30 08:09:37.630,nrf-350916066833768,4.59,4.60,6.52,SAFE
2022-08-30 08:09:37.630,nrf-350916066833768,4.86,5.00,8.53,SAFE
2022-08-30 07:17:22.617,nrf-350916066833768,3.25,3.26,10.4,SAFE
2022-08-30 07:17:22.617,nrf-350916066833768,1.04,0.779,9.00,SAFE
2022-08-30 07:17:22.617,nrf-350916066833768,1.46,0.683,8.86,SAFE
2022-08-30 07:17:22.617,nrf-350916066833768,1.19,0.683,8.88,SAFE
2022-08-30 07:17:22.617,nrf-350916066833768,0.797,0.832,8.97,SAFE
2022-08-30 06:48:30.236,nrf-350916066833768,5.32,7.10,8.43,SAFE
2022-08-30 06:48:30.236,nrf-350916066833768,2.33,2.67,2.55,SAFE
2022-08-30 06:48:30.236,nrf-350916066833768,2.50,2.42,2.33,SAFE
2022-08-30 06:48:30.236,nrf-350916066833768,2.46,2.40,2.12,SAFE
2022-08-30 06:48:30.236,nrf-350916066833768,2.54,2.21,2.31,SAFE
2022-08-30 06:21:48.605,nrf-350916066833768,0.383,0.322,9.16,SAFE
2022-08-30 06:21:48.605,nrf-350916066833768,0.257,0.296,8.91,SAFE
2022-08-30 06:21:48.605,nrf-350916066833768,0.288,0.318,9.05,SAFE
2022-08-30 06:21:48.605,nrf-350916066833768,0.365,0.293,9.11,SAFE
2022-08-30 06:21:48.605,nrf-350916066833768,0.238,0.334,9.06,SAFE
2022-08-30 05:47:10.637,nrf-350916066833768,5.74,6.95,6.97,SAFE
2022-08-30 05:47:10.637,nrf-350916066833768,5.79,7.36,7.26,SAFE
2022-08-30 05:47:10.637,nrf-350916066833768,6.75,8.11,8.81,SAFE
2022-08-30 05:47:10.637,nrf-350916066833768,2.88,2.67,3.05,SAFE
2022-08-30 05:47:10.637,nrf-350916066833768,2.52,2.44,2.07,SAFE
2022-08-30 03:30:01.914,nrf-350916066833768,14.4,7.67,14.3,SAFE
2022-08-30 03:30:01.914,nrf-350916066833768,5.14,3.18,10.4,SAFE
2022-08-30 03:30:01.914,nrf-350916066833768,4.43,3.10,9.34,SAFE
2022-08-30 03:30:01.914,nrf-350916066833768,2.56,2.99,9.73,SAFE
2022-08-30 03:30:01.914,nrf-350916066833768,3.98,2.30,9.42,SAFE
2022-08-30 03:09:32.487,nrf-350916066833768,6.17,6.51,8.56,SAFE
2022-08-30 03:09:32.487,nrf-350916066833768,3.32,3.35,4.37,SAFE
2022-08-30 03:09:32.487,nrf-350916066833768,6.11,7.35,10.6,SAFE
2022-08-30 03:09:32.487,nrf-350916066833768,4.12,4.94,8.03,SAFE
2022-08-30 03:09:32.487,nrf-350916066833768,3.35,3.42,4.22,SAFE
2022-08-30 01:25:35.789,nrf-350916066833768,7.09,5.20,10.8,SAFE
2022-08-30 01:25:35.789,nrf-350916066833768,8.12,4.30,11.3,SAFE
2022-08-30 01:25:35.789,nrf-350916066833768,6.40,6.43,11.1,SAFE
2022-08-30 01:25:35.789,nrf-350916066833768,6.89,4.49,10.9,SAFE
2022-08-30 01:25:35.789,nrf-350916066833768,13.0,6.78,16.4,SAFE
2022-08-30 01:08:57.990,nrf-350916066833768,4.41,5.60,9.88,SAFE
2022-08-30 01:08:57.990,nrf-350916066833768,7.40,6.83,11.4,SAFE
2022-08-30 01:08:57.990,nrf-350916066833768,3.97,4.85,6.93,SAFE
2022-08-30 01:08:57.990,nrf-350916066833768,3.72,4.20,5.85,SAFE
2022-08-30 01:08:57.990,nrf-350916066833768,5.22,5.62,7.04,SAFE
2022-08-30 00:28:05.697,nrf-350916066833768,11.3,7.75,15.3,SAFE
2022-08-30 00:28:05.697,nrf-350916066833768,17.6,17.3,19.4,SAFE
2022-08-30 00:28:05.697,nrf-350916066833768,16.5,14.5,22.6,SAFE
2022-08-30 00:28:05.697,nrf-350916066833768,11.7,9.58,15.3,SAFE
2022-08-30 00:28:05.697,nrf-350916066833768,10.8,12.8,12.8,SAFE
2022-08-29 23:58:48.436,nrf-350916066833768,4.33,5.07,6.46,SAFE
2022-08-29 23:58:48.436,nrf-350916066833768,3.60,4.00,4.76,SAFE
2022-08-29 23:58:48.436,nrf-350916066833768,3.44,3.52,4.36,SAFE
2022-08-29 23:58:48.436,nrf-350916066833768,4.52,4.72,7.67,SAFE
2022-08-29 23:58:48.436,nrf-350916066833768,3.67,3.69,5.27,SAFE
2022-08-29 22:59:53.410,nrf-350916066833768,19.2,15.8,25.7,SAFE
2022-08-29 22:59:53.410,nrf-350916066833768,6.79,5.06,14.9,SAFE
2022-08-29 22:59:53.410,nrf-350916066833768,6.33,5.85,9.61,SAFE
2022-08-29 22:59:53.410,nrf-350916066833768,13.1,6.29,12.2,SAFE
2022-08-29 22:59:53.410,nrf-350916066833768,7.88,3.61,14.2,SAFE
2022-08-29 22:47:17.051,nrf-350916066833768,9.62,9.39,10.6,SAFE
2022-08-29 22:47:17.051,nrf-350916066833768,2.96,2.93,2.94,SAFE
2022-08-29 22:47:17.051,nrf-350916066833768,2.55,2.58,2.66,SAFE
2022-08-29 22:47:17.051,nrf-350916066833768,2.68,2.39,2.22,SAFE
2022-08-29 22:47:17.051,nrf-350916066833768,2.73,2.34,2.10,SAFE
2022-08-29 22:16:58.506,nrf-350916066833768,12.4,11.1,17.9,SAFE
2022-08-29 22:16:58.506,nrf-350916066833768,14.8,12.3,15.7,SAFE
2022-08-29 22:16:58.506,nrf-350916066833768,13.8,9.98,15.9,SAFE
2022-08-29 22:16:58.506,nrf-350916066833768,16.2,15.3,14.1,SAFE
2022-08-29 22:16:58.506,nrf-350916066833768,2.35,1.39,9.56,SAFE
2022-08-29 21:47:19.333,nrf-350916066833768,9.18,9.70,10.00,SAFE
2022-08-29 21:47:19.333,nrf-350916066833768,3.10,2.95,4.22,SAFE
2022-08-29 21:47:19.333,nrf-350916066833768,2.73,2.71,2.91,SAFE
2022-08-29 21:47:19.333,nrf-350916066833768,2.69,2.72,2.45,SAFE
2022-08-29 21:47:19.333,nrf-350916066833768,2.79,2.47,2.28,SAFE
2022-08-29 21:33:33.759,nrf-350916066833768,8.51,6.07,13.4,SAFE
2022-08-29 21:33:33.759,nrf-350916066833768,8.38,8.22,10.6,SAFE
2022-08-29 21:33:33.759,nrf-350916066833768,13.1,6.36,13.8,SAFE
2022-08-29 21:33:33.759,nrf-350916066833768,15.1,7.75,15.4,SAFE
2022-08-29 21:33:33.759,nrf-350916066833768,8.58,5.57,9.57,SAFE
2022-08-29 21:16:46.882,nrf-350916066833768,14.4,11.3,16.9,SAFE
2022-08-29 21:16:46.882,nrf-350916066833768,4.67,4.36,5.23,SAFE
2022-08-29 21:16:46.882,nrf-350916066833768,3.07,2.50,3.83,SAFE
2022-08-29 21:16:46.882,nrf-350916066833768,2.79,2.21,2.11,SAFE
2022-08-29 21:16:46.882,nrf-350916066833768,2.56,2.09,2.19,SAFE
2022-08-29 20:43:00.488,nrf-350916066833768,10.9,9.80,16.7,SAFE
2022-08-29 20:43:00.488,nrf-350916066833768,14.1,10.1,12.3,SAFE
2022-08-29 20:43:00.488,nrf-350916066833768,12.8,11.5,20.0,SAFE
2022-08-29 20:43:00.488,nrf-350916066833768,15.9,13.0,18.3,SAFE
2022-08-29 20:43:00.488,nrf-350916066833768,17.4,11.8,15.7,SAFE
2022-08-29 20:17:39.582,nrf-350916066833768,2.67,2.13,2.96,SAFE
2022-08-29 20:17:39.582,nrf-350916066833768,2.66,1.92,2.15,SAFE
2022-08-29 20:17:39.582,nrf-350916066833768,2.70,2.08,2.07,SAFE
2022-08-29 20:17:39.582,nrf-350916066833768,2.67,2.16,2.11,SAFE
2022-08-29 20:17:39.582,nrf-350916066833768,2.53,2.01,2.14,SAFE
2022-08-29 19:55:36.744,nrf-350916066833768,16.5,7.05,13.1,SAFE
2022-08-29 19:55:36.744,nrf-350916066833768,4.69,3.91,10.5,SAFE
2022-08-29 19:55:36.744,nrf-350916066833768,4.92,2.89,9.03,SAFE
2022-08-29 19:55:36.744,nrf-350916066833768,4.16,2.40,9.47,SAFE
2022-08-29 19:55:36.744,nrf-350916066833768,4.44,1.64,9.68,SAFE
2022-08-29 19:08:17.969,nrf-350916066833768,6.26,7.50,12.9,SAFE
2022-08-29 19:08:17.969,nrf-350916066833768,4.55,5.66,6.46,SAFE
2022-08-29 19:08:17.969,nrf-350916066833768,4.21,5.36,6.96,SAFE
2022-08-29 19:08:17.969,nrf-350916066833768,4.63,5.75,7.27,SAFE
2022-08-29 19:08:17.969,nrf-350916066833768,4.76,5.88,7.39,SAFE
2022-08-29 18:41:23.977,nrf-350916066833768,15.4,16.1,23.0,SAFE
2022-08-29 18:41:23.977,nrf-350916066833768,25.4,14.5,23.7,SAFE
2022-08-29 18:41:23.977,nrf-350916066833768,2.18,3.09,10.3,SAFE
2022-08-29 18:41:23.977,nrf-350916066833768,1.56,0.912,8.96,SAFE
2022-08-29 18:41:23.977,nrf-350916066833768,1.38,0.652,9.23,SAFE
2022-08-29 18:05:53.899,nrf-350916066833768,7.63,8.61,10.9,SAFE
2022-08-29 18:05:53.899,nrf-350916066833768,7.02,9.46,10.0,SAFE
2022-08-29 18:05:53.899,nrf-350916066833768,9.47,12.3,15.3,SAFE
2022-08-29 18:05:53.899,nrf-350916066833768,6.07,7.27,10.00,SAFE
2022-08-29 18:05:53.899,nrf-350916066833768,5.32,5.29,7.77,SAFE
2022-08-29 17:53:20.665,nrf-350916066833768,10.9,6.49,16.0,SAFE
2022-08-29 17:53:20.665,nrf-350916066833768,4.82,3.23,9.40,SAFE
2022-08-29 17:53:20.665,nrf-350916066833768,4.86,2.55,9.00,SAFE
2022-08-29 17:53:20.665,nrf-350916066833768,5.06,2.03,10.3,SAFE
2022-08-29 17:36:28.638,nrf-350916066833768,5.43,5.87,7.67,SAFE
2022-08-29 17:36:28.638,nrf-350916066833768,5.41,6.72,9.71,SAFE
2022-08-29 17:36:28.638,nrf-350916066833768,4.80,5.38,6.44,SAFE
2022-08-29 17:36:28.638,nrf-350916066833768,4.82,6.31,8.27,SAFE
2022-08-29 17:36:28.638,nrf-350916066833768,4.43,5.18,6.29,SAFE
2022-08-29 17:20:01.846,nrf-350916066833768,8.97,4.04,11.8,SAFE
2022-08-29 17:20:01.846,nrf-350916066833768,1.30,1.18,9.52,SAFE
2022-08-29 17:20:01.846,nrf-350916066833768,1.73,1.46,9.25,SAFE
2022-08-29 17:20:01.846,nrf-350916066833768,1.66,1.10,9.21,SAFE
2022-08-29 17:20:01.846,nrf-350916066833768,1.60,1.07,9.08,SAFE
2022-08-29 16:58:25.745,nrf-350916066833768,7.35,9.17,8.76,SAFE
2022-08-29 16:58:25.745,nrf-350916066833768,10.2,11.6,17.1,SAFE
2022-08-29 16:58:25.745,nrf-350916066833768,6.18,7.96,8.73,SAFE
2022-08-29 16:58:25.745,nrf-350916066833768,7.80,8.68,9.14,SAFE
2022-08-29 16:58:25.745,nrf-350916066833768,8.80,10.4,11.3,SAFE
2022-08-29 16:45:15.491,nrf-350916066833768,31.3,15.1,25.7,SAFE
2022-08-29 16:45:15.491,nrf-350916066833768,18.3,10.1,14.7,SAFE
2022-08-29 16:45:15.491,nrf-350916066833768,13.3,10.6,15.0,SAFE
2022-08-29 16:45:15.491,nrf-350916066833768,17.6,8.71,13.5,SAFE
2022-08-29 16:45:15.491,nrf-350916066833768,20.5,10.1,19.7,SAFE
2022-08-29 16:22:42.563,nrf-350916066833768,6.67,8.10,8.60,SAFE
2022-08-29 16:22:42.563,nrf-350916066833768,8.48,9.91,10.8,SAFE
2022-08-29 16:22:42.563,nrf-350916066833768,7.38,8.90,8.66,SAFE
2022-08-29 16:22:42.563,nrf-350916066833768,6.63,7.90,9.48,SAFE
2022-08-29 16:22:42.563,nrf-350916066833768,6.06,6.91,8.34,SAFE
2022-08-29 15:51:54.460,nrf-350916066833768,13.1,6.29,16.1,SAFE
2022-08-29 15:51:54.460,nrf-350916066833768,5.79,3.26,13.5,SAFE
2022-08-29 15:51:54.460,nrf-350916066833768,5.52,2.39,9.49,SAFE
2022-08-29 15:51:54.460,nrf-350916066833768,5.78,2.16,9.67,SAFE
2022-08-29 15:51:54.460,nrf-350916066833768,7.12,2.05,10.3,SAFE
2022-08-29 15:24:44.577,nrf-350916066833768,11.3,12.1,14.5,SAFE
2022-08-29 15:24:44.577,nrf-350916066833768,8.36,9.33,15.2,SAFE
2022-08-29 15:24:44.577,nrf-350916066833768,8.43,8.74,12.5,SAFE
2022-08-29 15:24:44.577,nrf-350916066833768,9.03,11.4,15.0,SAFE
2022-08-29 15:24:44.577,nrf-350916066833768,6.07,7.35,10.2,SAFE
2022-08-29 14:48:17.249,nrf-350916066833768,19.6,10.0,16.4,SAFE
2022-08-29 14:48:17.249,nrf-350916066833768,6.52,4.50,8.95,SAFE
2022-08-29 14:48:17.249,nrf-350916066833768,7.38,2.89,10.9,SAFE
2022-08-29 14:48:17.249,nrf-350916066833768,7.88,2.63,10.6,SAFE
2022-08-29 14:48:17.249,nrf-350916066833768,8.88,2.44,11.2,SAFE
2022-08-29 14:31:15.017,nrf-350916066833768,4.23,4.86,7.92,SAFE
2022-08-29 14:31:15.017,nrf-350916066833768,3.89,4.79,7.07,SAFE
2022-08-29 14:31:15.017,nrf-350916066833768,3.99,4.64,8.28,SAFE
2022-08-29 14:31:15.017,nrf-350916066833768,4.22,5.17,7.24,SAFE
2022-08-29 14:31:15.017,nrf-350916066833768,4.53,5.59,7.14,SAFE
2022-08-29 14:17:13.197,nrf-350916066833768,7.63,5.08,12.7,SAFE
2022-08-29 14:17:13.197,nrf-350916066833768,7.35,4.48,12.7,SAFE
2022-08-29 14:17:13.197,nrf-350916066833768,11.2,7.53,14.6,SAFE
2022-08-29 14:17:13.197,nrf-350916066833768,1.43,0.958,10.2,SAFE
2022-08-29 14:17:13.197,nrf-350916066833768,1.30,0.804,9.53,SAFE
2022-08-29 13:59:31.730,nrf-350916066833768,7.59,8.98,13.4,SAFE
2022-08-29 13:59:31.730,nrf-350916066833768,4.33,4.94,6.60,SAFE
2022-08-29 13:59:31.730,nrf-350916066833768,2.69,2.22,2.01,SAFE
2022-08-29 13:59:31.730,nrf-350916066833768,2.64,2.05,2.21,SAFE
2022-08-29 13:59:31.730,nrf-350916066833768,2.70,2.05,2.03,SAFE
2022-08-29 13:42:48.684,nrf-350916066833768,6.44,5.03,11.4,SAFE
2022-08-29 13:42:48.684,nrf-350916066833768,5.88,5.50,10.3,SAFE
2022-08-29 13:42:48.684,nrf-350916066833768,5.71,3.60,9.91,SAFE
2022-08-29 13:42:48.684,nrf-350916066833768,9.19,7.00,12.5,SAFE
2022-08-29 13:42:48.684,nrf-350916066833768,7.76,5.03,10.6,SAFE
2022-08-29 13:13:05.635,nrf-350916066833768,5.77,5.79,9.99,SAFE
2022-08-29 13:13:05.635,nrf-350916066833768,5.20,5.93,12.0,SAFE
2022-08-29 13:13:05.635,nrf-350916066833768,4.18,5.05,6.02,SAFE
2022-08-29 13:13:05.635,nrf-350916066833768,4.26,4.61,5.88,SAFE
2022-08-29 13:13:05.635,nrf-350916066833768,3.98,4.31,5.51,SAFE
2022-08-29 12:51:44.828,nrf-350916066833768,16.3,10.1,16.3,SAFE
2022-08-29 12:51:44.828,nrf-350916066833768,6.20,3.52,10.5,SAFE
2022-08-29 12:51:44.828,nrf-350916066833768,5.79,2.87,8.88,SAFE
2022-08-29 12:51:44.828,nrf-350916066833768,5.17,2.22,9.79,SAFE
2022-08-29 12:51:44.828,nrf-350916066833768,4.70,2.35,9.63,SAFE
2022-08-29 12:23:59.351,nrf-350916066833768,8.66,10.2,9.99,SAFE
2022-08-29 12:23:59.351,nrf-350916066833768,7.84,9.11,9.20,SAFE
2022-08-29 12:23:59.351,nrf-350916066833768,7.90,8.89,10.7,SAFE
2022-08-29 12:23:59.351,nrf-350916066833768,4.25,4.87,5.75,SAFE
2022-08-29 12:23:59.351,nrf-350916066833768,2.70,2.34,2.24,SAFE
2022-08-29 11:48:44.721,nrf-350916066833768,10.1,6.17,14.6,SAFE
2022-08-29 11:48:44.721,nrf-350916066833768,5.45,3.03,9.22,SAFE
2022-08-29 11:48:44.721,nrf-350916066833768,3.84,2.28,8.73,SAFE
2022-08-29 11:48:44.721,nrf-350916066833768,4.87,1.37,9.61,SAFE
2022-08-29 11:48:44.721,nrf-350916066833768,3.77,1.43,9.03,SAFE
2022-08-29 11:25:06.400,nrf-350916066833768,7.10,8.25,8.68,SAFE
2022-08-29 11:25:06.400,nrf-350916066833768,7.73,8.17,8.59,SAFE
2022-08-29 11:25:06.400,nrf-350916066833768,7.13,8.11,9.04,SAFE
2022-08-29 11:25:06.400,nrf-350916066833768,3.30,3.38,3.34,SAFE
2022-08-29 11:25:06.400,nrf-350916066833768,2.54,2.07,2.04,SAFE
2022-08-29 10:41:53.343,nrf-350916066833768,6.06,5.57,11.0,SAFE
2022-08-29 10:41:53.343,nrf-350916066833768,16.6,8.33,16.1,SAFE
2022-08-29 10:41:53.343,nrf-350916066833768,7.70,5.45,13.9,SAFE
2022-08-29 10:41:53.343,nrf-350916066833768,7.77,4.19,9.40,SAFE
2022-08-29 10:41:53.343,nrf-350916066833768,9.39,3.93,12.0,SAFE
2022-08-29 10:23:20.972,nrf-350916066833768,6.54,7.82,10.3,SAFE
2022-08-29 10:23:20.972,nrf-350916066833768,7.18,8.30,10.4,SAFE
2022-08-29 10:23:20.972,nrf-350916066833768,3.03,2.59,2.93,SAFE
2022-08-29 10:23:20.972,nrf-350916066833768,2.50,2.01,1.96,SAFE
2022-08-29 10:23:20.972,nrf-350916066833768,2.57,2.24,2.29,SAFE
2022-08-29 09:50:12.893,nrf-350916066833768,8.77,6.13,15.1,SAFE
2022-08-29 09:50:12.893,nrf-350916066833768,7.67,4.11,11.8,SAFE
2022-08-29 09:50:12.893,nrf-350916066833768,8.37,7.52,15.8,SAFE
2022-08-29 09:50:12.893,nrf-350916066833768,13.9,8.02,14.9,SAFE
2022-08-29 09:50:12.893,nrf-350916066833768,3.79,2.81,9.48,SAFE
2022-08-29 09:14:04.498,nrf-350916066833768,2.67,2.17,3.34,SAFE
2022-08-29 09:14:04.498,nrf-350916066833768,2.41,2.06,2.06,SAFE
2022-08-29 09:14:04.498,nrf-350916066833768,2.48,2.06,2.14,SAFE
2022-08-29 09:14:04.498,nrf-350916066833768,2.61,2.24,2.34,SAFE
2022-08-29 09:14:04.498,nrf-350916066833768,2.56,2.42,2.13,SAFE
2022-08-29 08:47:12.307,nrf-350916066833768,1.19,0.769,9.21,SAFE
2022-08-29 08:47:12.307,nrf-350916066833768,0.833,0.491,8.87,SAFE
2022-08-29 08:47:12.307,nrf-350916066833768,0.913,0.581,9.24,SAFE
2022-08-29 08:47:12.307,nrf-350916066833768,0.923,0.622,9.03,SAFE
2022-08-29 08:47:12.307,nrf-350916066833768,0.798,0.529,8.88,SAFE
2022-08-29 08:22:04.343,nrf-350916066833768,7.74,8.05,11.1,SAFE
2022-08-29 08:22:04.343,nrf-350916066833768,17.1,17.2,28.5,SAFE
2022-08-29 08:22:04.343,nrf-350916066833768,7.29,8.62,12.8,SAFE
2022-08-29 08:22:04.343,nrf-350916066833768,2.63,2.39,2.39,SAFE
2022-08-29 08:22:04.343,nrf-350916066833768,2.54,2.16,2.13,SAFE
2022-08-29 07:51:57.188,nrf-350916066833768,8.35,4.74,12.7,SAFE
2022-08-29 07:51:57.188,nrf-350916066833768,7.80,5.01,14.0,SAFE
2022-08-29 07:51:57.188,nrf-350916066833768,8.31,4.48,11.5,SAFE
2022-08-29 07:51:57.188,nrf-350916066833768,13.6,8.18,15.9,SAFE
2022-08-29 07:51:57.188,nrf-350916066833768,4.83,2.78,9.98,SAFE
2022-08-29 07:24:33.914,nrf-350916066833768,4.83,5.52,5.86,SAFE
2022-08-29 07:24:33.914,nrf-350916066833768,5.49,6.14,8.73,SAFE
2022-08-29 07:24:33.914,nrf-350916066833768,4.47,5.27,6.14,SAFE
2022-08-29 07:24:33.914,nrf-350916066833768,2.55,2.15,2.25,SAFE
2022-08-29 07:24:33.914,nrf-350916066833768,2.44,2.09,2.08,SAFE
2022-08-29 06:47:03.995,nrf-350916066833768,5.93,4.25,12.9,SAFE
2022-08-29 06:47:03.995,nrf-350916066833768,1.04,0.568,9.22,SAFE
2022-08-29 06:47:03.995,nrf-350916066833768,1.21,0.530,9.25,SAFE
2022-08-29 06:47:03.995,nrf-350916066833768,0.828,0.632,9.03,SAFE
2022-08-29 06:47:03.995,nrf-350916066833768,0.860,0.886,9.17,SAFE
2022-08-29 06:12:01.570,nrf-350916066833768,4.66,5.46,6.53,SAFE
2022-08-29 06:12:01.570,nrf-350916066833768,4.39,4.62,5.82,SAFE
2022-08-29 06:12:01.570,nrf-350916066833768,4.52,4.66,6.20,SAFE
2022-08-29 06:12:01.570,nrf-350916066833768,7.36,7.84,12.8,SAFE
2022-08-29 06:12:01.570,nrf-350916066833768,9.80,10.3,13.1,SAFE
2022-08-29 05:52:41.276,nrf-350916066833768,9.37,9.30,17.9,SAFE
2022-08-29 05:52:41.276,nrf-350916066833768,3.21,2.09,8.88,SAFE
2022-08-29 05:52:41.276,nrf-350916066833768,3.45,1.36,8.86,SAFE
2022-08-29 05:52:41.276,nrf-350916066833768,3.68,1.18,9.50,SAFE
2022-08-29 05:52:41.276,nrf-350916066833768,2.60,0.970,9.56,SAFE
2022-08-29 05:25:02.652,nrf-350916066833768,5.48,6.23,6.35,SAFE
2022-08-29 05:25:02.652,nrf-350916066833768,5.33,5.69,6.02,SAFE
2022-08-29 05:25:02.652,nrf-350916066833768,6.17,6.92,6.86,SAFE
2022-08-29 05:25:02.652,nrf-350916066833768,5.51,6.05,6.66,SAFE
2022-08-29 05:25:02.652,nrf-350916066833768,5.59,6.32,6.13,SAFE
2022-08-29 04:40:47.651,nrf-350916066833768,21.1,13.7,14.4,SAFE
2022-08-29 04:40:47.651,nrf-350916066833768,27.2,12.9,17.5,SAFE
2022-08-29 04:40:47.651,nrf-350916066833768,15.1,10.7,17.8,SAFE
2022-08-29 04:40:47.651,nrf-350916066833768,12.0,7.24,13.0,SAFE
2022-08-29 04:40:47.651,nrf-350916066833768,2.54,0.878,8.99,SAFE
2022-08-29 04:00:47.670,nrf-350916066833768,5.46,5.61,9.26,SAFE
2022-08-29 04:00:47.670,nrf-350916066833768,3.60,4.25,5.62,SAFE
2022-08-29 04:00:47.670,nrf-350916066833768,3.96,4.75,5.96,SAFE
2022-08-29 04:00:47.670,nrf-350916066833768,3.84,4.53,4.57,SAFE
2022-08-29 04:00:47.670,nrf-350916066833768,3.88,3.70,5.27,SAFE
2022-08-29 03:31:03.906,nrf-350916066833768,23.8,17.2,18.1,SAFE
2022-08-29 03:31:03.906,nrf-350916066833768,32.7,25.5,23.2,SAFE
2022-08-29 03:31:03.906,nrf-350916066833768,13.6,9.05,14.8,SAFE
2022-08-29 03:31:03.906,nrf-350916066833768,9.53,4.66,9.45,SAFE
2022-08-29 03:31:03.906,nrf-350916066833768,6.81,3.62,9.88,SAFE
2022-08-29 02:39:28.581,nrf-350916066833768,4.88,4.49,7.29,SAFE
2022-08-29 02:39:28.581,nrf-350916066833768,3.53,3.79,5.16,SAFE
2022-08-29 02:39:28.581,nrf-350916066833768,4.08,4.19,4.56,SAFE
2022-08-29 02:39:28.581,nrf-350916066833768,3.40,3.81,4.51,SAFE
2022-08-29 02:39:28.581,nrf-350916066833768,5.02,5.21,6.00,SAFE
2022-08-28 22:59:30.183,nrf-350916066833768,19.4,19.5,23.4,SAFE
2022-08-28 22:59:30.183,nrf-350916066833768,19.6,16.0,18.4,SAFE
2022-08-28 22:59:30.183,nrf-350916066833768,21.3,17.2,26.1,SAFE
2022-08-28 22:59:30.183,nrf-350916066833768,24.5,20.5,22.8,SAFE
2022-08-28 22:59:30.183,nrf-350916066833768,7.54,15.6,12.6,SAFE
2022-08-28 22:07:35.962,nrf-350916066833768,7.68,8.47,9.52,SAFE
2022-08-28 22:07:35.962,nrf-350916066833768,7.73,8.50,10.4,SAFE
2022-08-28 22:07:35.962,nrf-350916066833768,7.85,9.16,10.1,SAFE
2022-08-28 22:07:35.962,nrf-350916066833768,8.61,9.34,11.1,SAFE
2022-08-28 22:07:35.962,nrf-350916066833768,9.17,10.1,11.2,SAFE
2022-08-28 21:46:31.416,nrf-350916066833768,6.03,6.21,12.1,SAFE
2022-08-28 21:46:31.416,nrf-350916066833768,9.88,7.00,12.3,SAFE
2022-08-28 21:46:31.416,nrf-350916066833768,9.63,8.96,14.9,SAFE
2022-08-28 21:46:31.416,nrf-350916066833768,11.1,10.7,13.5,SAFE
2022-08-28 21:46:31.416,nrf-350916066833768,8.57,6.66,15.5,SAFE
2022-08-28 21:24:40.819,nrf-350916066833768,3.81,3.96,4.61,SAFE
2022-08-28 21:24:40.819,nrf-350916066833768,2.41,1.96,2.13,SAFE
2022-08-28 21:24:40.819,nrf-350916066833768,2.56,2.05,2.05,SAFE
2022-08-28 21:24:40.819,nrf-350916066833768,2.67,2.05,2.50,SAFE
2022-08-28 21:24:40.819,nrf-350916066833768,2.62,2.12,2.09,SAFE
2022-08-28 20:56:32.725,nrf-350916066833768,16.1,14.4,17.3,SAFE
2022-08-28 20:56:32.725,nrf-350916066833768,18.9,16.2,21.3,SAFE
2022-08-28 20:56:32.725,nrf-350916066833768,24.4,19.4,21.3,SAFE
2022-08-28 20:56:32.725,nrf-350916066833768,2.80,3.22,8.75,SAFE
2022-08-28 20:56:32.725,nrf-350916066833768,1.61,1.49,9.08,SAFE
2022-08-28 20:00:05.657,nrf-350916066833768,6.45,7.39,8.28,SAFE
2022-08-28 20:00:05.657,nrf-350916066833768,5.19,5.48,8.10,SAFE
2022-08-28 20:00:05.657,nrf-350916066833768,3.83,4.68,5.28,SAFE
2022-08-28 20:00:05.657,nrf-350916066833768,2.60,2.13,1.92,SAFE
2022-08-28 20:00:05.657,nrf-350916066833768,2.57,2.07,2.10,SAFE
2022-08-28 19:26:01.965,nrf-350916066833768,14.6,20.0,21.0,SAFE
2022-08-28 19:26:01.965,nrf-350916066833768,21.0,14.0,19.3,SAFE
2022-08-28 19:26:01.965,nrf-350916066833768,20.5,23.0,23.0,SAFE
2022-08-28 19:26:01.965,nrf-350916066833768,17.1,16.5,17.7,SAFE
2022-08-28 19:26:01.965,nrf-350916066833768,10.2,7.38,12.6,SAFE
2022-08-28 19:01:25.731,nrf-350916066833768,6.71,8.09,9.23,SAFE
2022-08-28 19:01:25.731,nrf-350916066833768,9.54,10.8,18.1,SAFE
2022-08-28 19:01:25.731,nrf-350916066833768,7.22,7.88,8.80,SAFE
2022-08-28 19:01:25.731,nrf-350916066833768,6.92,7.87,9.34,SAFE
2022-08-28 19:01:25.731,nrf-350916066833768,8.63,7.55,11.9,SAFE
2022-08-28 18:24:19.852,nrf-350916066833768,21.3,21.1,27.8,SAFE
2022-08-28 18:24:19.852,nrf-350916066833768,20.7,12.8,25.8,SAFE
2022-08-28 18:24:19.852,nrf-350916066833768,8.94,9.78,14.2,SAFE
2022-08-28 18:24:19.852,nrf-350916066833768,3.40,1.36,9.60,SAFE
2022-08-28 18:24:19.852,nrf-350916066833768,2.52,0.792,9.28,SAFE
2022-08-28 17:56:33.350,nrf-350916066833768,7.10,8.38,9.39,SAFE
2022-08-28 17:56:33.350,nrf-350916066833768,6.73,7.22,8.64,SAFE
2022-08-28 17:56:33.350,nrf-350916066833768,6.85,8.34,8.97,SAFE
2022-08-28 17:56:33.350,nrf-350916066833768,5.91,7.20,7.15,SAFE
2022-08-28 17:56:33.350,nrf-350916066833768,5.95,7.11,7.85,SAFE
2022-08-28 17:20:10.349,nrf-350916066833768,8.54,4.49,14.9,SAFE
2022-08-28 17:20:10.349,nrf-350916066833768,3.75,1.62,9.25,SAFE
2022-08-28 17:20:10.349,nrf-350916066833768,2.99,1.21,9.42,SAFE
2022-08-28 17:20:10.349,nrf-350916066833768,1.97,0.880,9.20,SAFE
2022-08-28 17:20:10.349,nrf-350916066833768,2.69,0.757,9.09,SAFE
2022-08-28 16:48:42.711,nrf-350916066833768,3.79,3.50,4.76,SAFE
2022-08-28 16:48:42.711,nrf-350916066833768,2.93,2.63,2.66,SAFE
2022-08-28 16:48:42.711,nrf-350916066833768,2.69,2.44,2.56,SAFE
2022-08-28 16:48:42.711,nrf-350916066833768,2.62,2.32,2.21,SAFE
2022-08-28 16:48:42.711,nrf-350916066833768,2.66,2.39,2.45,SAFE
2022-08-28 16:02:47.983,nrf-350916066833768,15.2,14.7,15.3,SAFE
2022-08-28 16:02:47.983,nrf-350916066833768,6.72,4.96,10.4,SAFE
2022-08-28 16:02:47.983,nrf-350916066833768,3.94,1.84,9.26,SAFE
2022-08-28 16:02:47.983,nrf-350916066833768,3.46,1.32,9.24,SAFE
2022-08-28 16:02:47.983,nrf-350916066833768,2.65,1.06,9.22,SAFE
2022-08-28 14:48:43.885,nrf-350916066833768,5.89,5.82,7.46,SAFE
2022-08-28 14:48:43.885,nrf-350916066833768,3.03,2.43,2.56,SAFE
2022-08-28 14:48:43.885,nrf-350916066833768,2.64,2.32,2.36,SAFE
2022-08-28 14:48:43.885,nrf-350916066833768,2.72,2.30,2.24,SAFE
2022-08-28 14:48:43.885,nrf-350916066833768,2.86,2.29,2.26,SAFE
2022-08-28 12:58:55.829,nrf-350916066833768,10.4,7.34,7.72,SAFE
2022-08-28 12:58:55.829,nrf-350916066833768,2.76,2.69,2.52,SAFE
2022-08-28 12:58:55.829,nrf-350916066833768,2.60,2.46,2.39,SAFE
2022-08-28 12:58:55.829,nrf-350916066833768,2.67,2.28,2.13,SAFE
2022-08-28 12:58:55.829,nrf-350916066833768,2.49,2.25,2.15,SAFE
2022-08-28 12:29:05.485,nrf-350916066833768,16.9,19.4,20.6,SAFE
2022-08-28 12:29:05.485,nrf-350916066833768,25.0,21.4,26.2,SAFE
2022-08-28 12:29:05.485,nrf-350916066833768,3.46,1.87,9.06,SAFE
2022-08-28 12:29:05.485,nrf-350916066833768,3.18,1.22,8.93,SAFE
2022-08-28 12:29:05.485,nrf-350916066833768,2.22,0.858,9.28,SAFE
2022-08-28 11:57:41.454,nrf-350916066833768,6.40,7.07,9.17,SAFE
2022-08-28 11:57:41.454,nrf-350916066833768,6.88,7.37,10.6,SAFE
2022-08-28 11:57:41.454,nrf-350916066833768,6.82,7.81,11.3,SAFE
2022-08-28 11:57:41.454,nrf-350916066833768,6.93,6.92,10.5,SAFE
2022-08-28 11:57:41.454,nrf-350916066833768,6.78,7.71,10.6,SAFE
2022-08-28 11:13:49.889,nrf-350916066833768,5.34,4.83,11.0,SAFE
2022-08-28 11:13:49.889,nrf-350916066833768,1.22,1.11,9.39,SAFE
2022-08-28 11:13:49.889,nrf-350916066833768,1.46,0.868,9.01,SAFE
2022-08-28 11:13:49.889,nrf-350916066833768,1.49,0.682,8.66,SAFE
2022-08-28 11:13:49.889,nrf-350916066833768,1.15,0.900,9.37,SAFE
2022-08-28 10:22:00.132,nrf-350916066833768,4.47,5.45,7.19,SAFE
2022-08-28 10:22:00.132,nrf-350916066833768,2.51,2.13,2.11,SAFE
2022-08-28 10:22:00.132,nrf-350916066833768,2.51,2.26,2.18,SAFE
2022-08-28 10:22:00.132,nrf-350916066833768,2.52,2.15,2.30,SAFE
2022-08-28 10:22:00.132,nrf-350916066833768,2.70,2.34,2.14,SAFE
2022-08-28 10:01:53.596,nrf-350916066833768,13.2,8.54,19.7,SAFE
2022-08-28 10:01:53.596,nrf-350916066833768,14.5,13.0,18.7,SAFE
2022-08-28 10:01:53.596,nrf-350916066833768,4.31,3.77,10.1,SAFE
2022-08-28 10:01:53.596,nrf-350916066833768,3.39,2.67,9.14,SAFE
2022-08-28 10:01:53.596,nrf-350916066833768,2.79,1.39,9.42,SAFE
2022-08-28 09:25:10.899,nrf-350916066833768,5.83,7.36,8.03,SAFE
2022-08-28 09:25:10.899,nrf-350916066833768,7.32,8.12,9.75,SAFE
2022-08-28 09:25:10.899,nrf-350916066833768,6.52,7.66,10.4,SAFE
2022-08-28 09:25:10.899,nrf-350916066833768,3.95,5.03,6.20,SAFE
2022-08-28 09:25:10.899,nrf-350916066833768,2.57,2.14,1.90,SAFE
2022-08-28 08:56:05.315,nrf-350916066833768,20.0,13.3,23.1,SAFE
2022-08-28 08:56:05.315,nrf-350916066833768,16.2,15.0,19.5,SAFE
2022-08-28 08:56:05.315,nrf-350916066833768,12.5,16.3,21.3,SAFE
2022-08-28 08:56:05.315,nrf-350916066833768,21.5,18.6,18.9,SAFE
2022-08-28 08:56:05.315,nrf-350916066833768,24.8,16.0,20.6,SAFE
2022-08-28 08:37:21.636,nrf-350916066833768,4.27,5.17,5.67,SAFE
2022-08-28 08:37:21.636,nrf-350916066833768,4.59,4.85,4.90,SAFE
2022-08-28 08:37:21.636,nrf-350916066833768,5.94,6.14,8.05,SAFE
2022-08-28 08:37:21.636,nrf-350916066833768,3.78,4.29,4.96,SAFE
2022-08-28 08:37:21.636,nrf-350916066833768,2.63,2.08,2.03,SAFE
2022-08-28 08:10:49.832,nrf-350916066833768,25.1,21.5,26.2,SAFE
2022-08-28 08:10:49.832,nrf-350916066833768,18.8,11.3,19.1,SAFE
2022-08-28 08:10:49.832,nrf-350916066833768,17.7,20.7,21.4,SAFE
2022-08-28 08:10:49.832,nrf-350916066833768,17.9,13.1,21.8,SAFE
2022-08-28 08:10:49.832,nrf-350916066833768,9.16,7.70,15.5,SAFE
2022-08-28 07:24:16.479,nrf-350916066833768,5.25,6.57,7.01,SAFE
2022-08-28 07:24:16.479,nrf-350916066833768,3.51,4.00,4.43,SAFE
2022-08-28 07:24:16.479,nrf-350916066833768,2.34,1.89,2.02,SAFE
2022-08-28 07:24:16.479,nrf-350916066833768,2.53,2.20,1.96,SAFE
2022-08-28 07:24:16.479,nrf-350916066833768,2.31,2.15,2.14,SAFE
2022-08-28 05:47:56.085,nrf-350916066833768,11.6,8.36,12.8,SAFE
2022-08-28 05:47:56.085,nrf-350916066833768,4.07,2.24,8.73,SAFE
2022-08-28 05:47:56.085,nrf-350916066833768,3.99,1.57,9.21,SAFE
2022-08-28 05:47:56.085,nrf-350916066833768,3.41,1.30,9.61,SAFE
2022-08-28 05:47:56.085,nrf-350916066833768,3.68,1.30,9.53,SAFE
2022-08-28 01:07:12.717,nrf-350916066833768,6.45,6.37,7.83,SAFE
2022-08-28 01:07:12.717,nrf-350916066833768,3.34,3.25,4.49,SAFE
2022-08-28 01:07:12.717,nrf-350916066833768,2.43,2.15,2.05,SAFE
2022-08-28 01:07:12.717,nrf-350916066833768,2.32,2.08,2.13,SAFE
2022-08-28 01:07:12.717,nrf-350916066833768,2.43,2.20,2.04,SAFE
2022-08-27 23:08:52.122,nrf-350916066833768,12.1,10.9,16.1,SAFE
2022-08-27 23:08:52.122,nrf-350916066833768,14.3,11.7,15.8,SAFE
2022-08-27 23:08:52.122,nrf-350916066833768,10.4,12.0,11.8,SAFE
2022-08-27 23:08:52.122,nrf-350916066833768,3.34,2.77,9.17,SAFE
2022-08-27 23:08:52.122,nrf-350916066833768,1.43,1.17,9.10,SAFE
2022-08-27 21:15:06.734,nrf-350916066833768,5.15,5.80,6.39,SAFE
2022-08-27 21:15:06.734,nrf-350916066833768,4.74,5.09,5.50,SAFE
2022-08-27 21:15:06.734,nrf-350916066833768,6.11,5.61,10.5,SAFE
2022-08-27 21:15:06.734,nrf-350916066833768,4.76,5.03,5.94,SAFE
2022-08-27 21:15:06.734,nrf-350916066833768,4.98,4.78,5.94,SAFE
2022-08-27 15:55:59.089,nrf-350916066833768,14.0,13.5,20.1,SAFE
2022-08-27 15:55:59.089,nrf-350916066833768,13.4,7.08,12.2,SAFE
2022-08-27 15:55:59.089,nrf-350916066833768,3.42,1.37,9.43,SAFE
2022-08-27 15:55:59.089,nrf-350916066833768,2.34,0.864,9.22,SAFE
2022-08-27 15:55:59.089,nrf-350916066833768,2.07,0.851,9.39,SAFE
2022-08-27 15:27:39.957,nrf-350916066833768,9.72,11.6,18.7,SAFE
2022-08-27 15:27:39.957,nrf-350916066833768,6.74,8.11,10.1,SAFE
2022-08-27 15:27:39.957,nrf-350916066833768,6.37,7.77,8.28,SAFE
2022-08-27 15:27:39.957,nrf-350916066833768,3.16,4.05,3.72,SAFE
2022-08-27 15:27:39.957,nrf-350916066833768,3.14,2.97,2.82,SAFE
2022-08-27 15:03:43.053,nrf-350916066833768,22.5,18.6,15.0,SAFE
2022-08-27 15:03:43.053,nrf-350916066833768,12.4,4.83,10.3,SAFE
2022-08-27 15:03:43.053,nrf-350916066833768,14.7,3.50,10.9,SAFE
2022-08-27 15:03:43.053,nrf-350916066833768,10.7,3.11,9.93,SAFE
2022-08-27 15:03:43.053,nrf-350916066833768,10.2,2.42,10.8,SAFE
2022-08-27 13:47:45.032,nrf-350916066833768,11.9,9.70,14.9,SAFE
2022-08-27 13:47:45.032,nrf-350916066833768,5.07,4.47,6.82,SAFE
2022-08-27 13:47:45.032,nrf-350916066833768,3.42,3.86,4.34,SAFE
2022-08-27 13:47:45.032,nrf-350916066833768,2.76,2.23,2.17,SAFE
2022-08-27 13:47:45.032,nrf-350916066833768,2.60,2.22,2.18,SAFE
2022-08-27 13:23:01.718,nrf-350916066833768,22.3,17.7,25.7,SAFE
2022-08-27 13:23:01.718,nrf-350916066833768,15.8,14.0,23.6,SAFE
2022-08-27 13:23:01.718,nrf-350916066833768,14.2,19.0,19.8,SAFE
2022-08-27 13:23:01.718,nrf-350916066833768,5.32,3.46,10.2,SAFE
2022-08-27 13:23:01.718,nrf-350916066833768,3.80,2.01,9.25,SAFE
2022-08-27 12:48:06.501,nrf-350916066833768,2.75,2.36,2.53,SAFE
2022-08-27 12:48:06.501,nrf-350916066833768,2.44,2.19,2.17,SAFE
2022-08-27 12:48:06.501,nrf-350916066833768,2.35,2.17,2.07,SAFE
2022-08-27 12:48:06.501,nrf-350916066833768,2.45,1.91,1.88,SAFE
2022-08-27 12:48:06.501,nrf-350916066833768,2.46,2.21,2.51,SAFE
2022-08-27 10:52:56.223,nrf-350916066833768,4.58,3.92,9.91,SAFE
2022-08-27 10:52:56.223,nrf-350916066833768,1.29,0.800,9.05,SAFE
2022-08-27 10:52:56.223,nrf-350916066833768,1.40,0.810,8.91,SAFE
2022-08-27 10:52:56.223,nrf-350916066833768,1.18,0.724,9.22,SAFE
2022-08-27 10:52:56.223,nrf-350916066833768,1.70,0.619,9.08,SAFE
2022-08-27 10:30:25.335,nrf-350916066833768,4.26,4.44,5.48,SAFE
2022-08-27 10:30:25.335,nrf-350916066833768,2.41,2.34,2.45,SAFE
2022-08-27 10:30:25.335,nrf-350916066833768,2.36,2.10,1.97,SAFE
2022-08-27 10:30:25.335,nrf-350916066833768,2.59,2.10,1.97,SAFE
2022-08-27 10:30:25.335,nrf-350916066833768,2.36,2.12,2.18,SAFE
2022-08-27 09:31:36.873,nrf-350916066833768,57.8,34.7,39.6,SAFE
2022-08-27 09:31:36.873,nrf-350916066833768,41.3,32.7,33.4,SAFE
2022-08-27 09:31:36.873,nrf-350916066833768,24.3,21.9,20.9,SAFE
2022-08-27 09:31:36.873,nrf-350916066833768,39.0,32.5,24.6,SAFE
2022-08-27 09:31:36.873,nrf-350916066833768,51.4,29.9,28.3,SAFE
2022-08-27 08:59:36.996,nrf-350916066833768,5.60,5.95,6.40,SAFE
2022-08-27 08:59:36.996,nrf-350916066833768,5.93,6.28,6.10,SAFE
2022-08-27 08:59:36.996,nrf-350916066833768,6.23,6.48,6.81,SAFE
2022-08-27 08:59:36.996,nrf-350916066833768,4.61,5.17,5.66,SAFE
2022-08-27 08:59:36.996,nrf-350916066833768,2.48,2.14,2.06,SAFE
2022-08-27 06:05:44.594,nrf-350916066833768,1.98,1.46,9.26,SAFE
2022-08-27 06:05:44.594,nrf-350916066833768,1.48,0.745,9.26,SAFE
2022-08-27 06:05:44.594,nrf-350916066833768,1.45,0.552,9.42,SAFE
2022-08-27 06:05:44.594,nrf-350916066833768,1.55,0.443,9.12,SAFE
2022-08-27 06:05:44.594,nrf-350916066833768,1.10,0.596,9.27,SAFE
2022-08-26 23:28:55.839,nrf-350916066833768,3.72,3.64,3.79,SAFE
2022-08-26 23:28:55.839,nrf-350916066833768,2.55,2.12,1.96,SAFE
2022-08-26 23:28:55.839,nrf-350916066833768,2.55,2.16,2.03,SAFE
2022-08-26 23:28:55.839,nrf-350916066833768,2.60,2.16,2.09,SAFE
2022-08-26 23:28:55.839,nrf-350916066833768,2.41,2.35,2.21,SAFE
2022-08-26 22:56:28.090,nrf-350916066833768,11.0,9.36,12.6,SAFE
2022-08-26 22:56:28.090,nrf-350916066833768,2.93,2.46,9.45,SAFE
2022-08-26 22:56:28.090,nrf-350916066833768,1.70,0.869,9.22,SAFE
2022-08-26 22:56:28.090,nrf-350916066833768,1.05,0.568,9.20,SAFE
2022-08-26 22:56:28.090,nrf-350916066833768,0.855,0.452,9.10,SAFE
2022-08-26 21:50:19.792,nrf-350916066833768,3.94,5.09,5.88,SAFE
2022-08-26 21:50:19.792,nrf-350916066833768,2.33,2.45,2.39,SAFE
2022-08-26 21:50:19.792,nrf-350916066833768,2.51,2.35,2.12,SAFE
2022-08-26 21:50:19.792,nrf-350916066833768,2.49,2.45,2.11,SAFE
2022-08-26 21:50:19.792,nrf-350916066833768,2.42,2.37,2.12,SAFE
2022-08-26 19:49:08.500,nrf-350916066833768,20.1,7.88,12.5,SAFE
2022-08-26 19:49:08.500,nrf-350916066833768,5.22,2.72,9.77,SAFE
2022-08-26 19:49:08.500,nrf-350916066833768,5.82,2.01,8.82,SAFE
2022-08-26 19:49:08.500,nrf-350916066833768,6.25,1.68,10.1,SAFE
2022-08-26 19:49:08.500,nrf-350916066833768,5.21,1.27,10.2,SAFE
2022-08-26 19:24:24.089,nrf-350916066833768,6.43,6.72,7.72,SAFE
2022-08-26 19:24:24.089,nrf-350916066833768,6.33,5.49,8.49,SAFE
2022-08-26 19:24:24.089,nrf-350916066833768,6.69,6.37,8.54,SAFE
2022-08-26 19:24:24.089,nrf-350916066833768,5.56,5.00,6.55,SAFE
2022-08-26 19:24:24.089,nrf-350916066833768,5.63,5.51,6.19,SAFE
2022-08-26 17:49:28.959,nrf-350916066833768,7.15,4.90,10.3,SAFE
2022-08-26 17:49:28.959,nrf-350916066833768,5.15,2.26,9.12,SAFE
2022-08-26 17:49:28.959,nrf-350916066833768,6.68,1.79,10.1,SAFE
2022-08-26 17:49:28.959,nrf-350916066833768,4.70,1.32,9.47,SAFE
2022-08-26 17:49:28.959,nrf-350916066833768,4.61,1.08,9.70,SAFE
2022-08-26 13:16:57.290,nrf-350916066833768,5.68,6.34,8.95,SAFE
2022-08-26 13:16:57.290,nrf-350916066833768,5.92,6.13,8.46,SAFE
2022-08-26 13:16:57.290,nrf-350916066833768,5.91,6.98,9.12,SAFE
2022-08-26 13:16:57.290,nrf-350916066833768,6.97,7.27,10.7,SAFE
2022-08-26 13:16:57.290,nrf-350916066833768,6.50,6.64,9.92,SAFE
2022-08-26 12:43:14.798,nrf-350916066833768,24.1,26.9,23.9,SAFE
2022-08-26 12:43:14.798,nrf-350916066833768,27.5,19.0,22.4,SAFE
2022-08-26 12:43:14.798,nrf-350916066833768,6.90,4.91,10.8,SAFE
2022-08-26 12:43:14.798,nrf-350916066833768,3.23,1.51,8.86,SAFE
2022-08-26 12:43:14.798,nrf-350916066833768,2.89,1.10,9.17,SAFE
2022-08-26 12:13:56.020,nrf-350916066833768,3.66,4.29,6.19,SAFE
2022-08-26 12:13:56.020,nrf-350916066833768,4.93,6.40,7.17,SAFE
2022-08-26 12:13:56.020,nrf-350916066833768,4.41,4.79,5.25,SAFE
2022-08-26 12:13:56.020,nrf-350916066833768,3.84,4.11,4.39,SAFE
2022-08-26 12:13:56.020,nrf-350916066833768,2.96,2.55,2.90,SAFE
2022-08-26 11:49:06.077,nrf-350916066833768,18.8,14.5,21.4,SAFE
2022-08-26 11:49:06.077,nrf-350916066833768,23.1,17.5,22.9,SAFE
2022-08-26 11:49:06.077,nrf-350916066833768,20.8,11.2,17.0,SAFE
2022-08-26 11:49:06.077,nrf-350916066833768,25.7,17.4,28.5,SAFE
2022-08-26 11:49:06.077,nrf-350916066833768,18.8,10.8,20.4,SAFE
2022-08-26 11:09:51.708,nrf-350916066833768,11.0,11.7,14.1,SAFE
2022-08-26 11:09:51.708,nrf-350916066833768,7.83,8.28,13.5,SAFE
2022-08-26 11:09:51.708,nrf-350916066833768,8.28,8.69,12.5,SAFE
2022-08-26 11:09:51.708,nrf-350916066833768,8.16,9.53,10.9,SAFE
2022-08-26 11:09:51.708,nrf-350916066833768,7.72,8.70,8.95,SAFE
2022-08-26 10:41:53.646,nrf-350916066833768,22.2,14.6,19.2,SAFE
2022-08-26 10:41:53.646,nrf-350916066833768,25.4,20.4,21.1,SAFE
2022-08-26 10:41:53.646,nrf-350916066833768,21.7,14.9,23.4,SAFE
2022-08-26 10:41:53.646,nrf-350916066833768,15.7,19.8,19.2,SAFE
2022-08-26 10:41:53.646,nrf-350916066833768,20.8,22.0,23.3,SAFE
2022-08-26 09:48:06.111,nrf-350916066833768,6.44,6.89,8.00,SAFE
2022-08-26 09:48:06.111,nrf-350916066833768,12.0,13.1,12.3,SAFE
2022-08-26 09:48:06.111,nrf-350916066833768,2.71,2.56,2.70,SAFE
2022-08-26 09:48:06.111,nrf-350916066833768,2.70,2.42,2.49,SAFE
2022-08-26 09:48:06.111,nrf-350916066833768,2.62,2.31,2.31,SAFE
2022-08-26 09:16:20.693,nrf-350916066833768,2.24,1.52,9.29,SAFE
2022-08-26 09:16:20.693,nrf-350916066833768,1.10,0.720,8.87,SAFE
2022-08-26 09:16:20.693,nrf-350916066833768,1.21,0.892,8.63,SAFE
2022-08-26 09:16:20.693,nrf-350916066833768,1.14,0.800,9.32,SAFE
2022-08-26 09:16:20.693,nrf-350916066833768,1.37,0.864,9.35,SAFE
2022-08-26 08:44:51.745,nrf-350916066833768,6.80,14.5,9.19,SAFE
2022-08-26 08:44:51.745,nrf-350916066833768,4.16,10.6,4.68,SAFE
2022-08-26 08:44:51.745,nrf-350916066833768,4.04,9.64,4.69,SAFE
2022-08-26 08:44:51.745,nrf-350916066833768,3.77,8.93,4.29,SAFE
2022-08-26 08:44:51.745,nrf-350916066833768,4.14,8.97,4.08,SAFE
2022-08-26 08:22:30.085,nrf-350916066833768,18.5,13.6,15.8,SAFE
2022-08-26 08:22:30.085,nrf-350916066833768,2.75,2.14,9.28,SAFE
2022-08-26 08:22:30.085,nrf-350916066833768,1.87,1.24,9.30,SAFE
2022-08-26 08:22:30.085,nrf-350916066833768,1.57,0.942,9.28,SAFE
2022-08-26 08:22:30.085,nrf-350916066833768,1.33,0.599,9.14,SAFE
2022-08-26 07:48:01.414,nrf-350916066833768,19.1,24.1,18.5,SAFE
2022-08-26 07:48:01.414,nrf-350916066833768,2.79,2.68,2.84,SAFE
2022-08-26 07:48:01.414,nrf-350916066833768,2.62,2.39,2.57,SAFE
2022-08-26 07:48:01.414,nrf-350916066833768,2.46,2.30,2.07,SAFE
2022-08-26 07:48:01.414,nrf-350916066833768,2.39,2.36,2.14,SAFE
2022-08-26 07:17:49.844,nrf-350916066833768,2.78,5.89,11.6,SAFE
2022-08-26 07:17:49.844,nrf-350916066833768,1.04,0.625,9.11,SAFE
2022-08-26 07:17:49.844,nrf-350916066833768,1.21,0.676,9.08,SAFE
2022-08-26 07:17:49.844,nrf-350916066833768,1.08,0.772,9.02,SAFE
2022-08-26 07:17:49.844,nrf-350916066833768,1.05,0.803,9.01,SAFE
2022-08-26 06:56:27.939,nrf-350916066833768,6.84,8.06,8.37,SAFE
2022-08-26 06:56:27.939,nrf-350916066833768,7.89,9.99,10.7,SAFE
2022-08-26 06:56:27.939,nrf-350916066833768,6.51,8.41,8.95,SAFE
2022-08-26 06:56:27.939,nrf-350916066833768,2.69,2.85,2.85,SAFE
2022-08-26 06:56:27.939,nrf-350916066833768,2.46,2.23,2.09,SAFE
2022-08-26 06:34:35.006,nrf-350916066833768,12.0,5.48,13.6,SAFE
2022-08-26 06:34:35.006,nrf-350916066833768,12.3,8.67,14.5,SAFE
2022-08-26 06:34:35.006,nrf-350916066833768,13.4,8.69,12.8,SAFE
2022-08-26 06:34:35.006,nrf-350916066833768,9.41,5.86,10.2,SAFE
2022-08-26 06:34:35.006,nrf-350916066833768,13.9,7.23,11.7,SAFE
2022-08-26 06:11:07.116,nrf-350916066833768,6.45,8.75,10.9,SAFE
2022-08-26 06:11:07.116,nrf-350916066833768,12.0,10.6,17.4,SAFE
2022-08-26 06:11:07.116,nrf-350916066833768,6.85,8.99,9.60,SAFE
2022-08-26 06:11:07.116,nrf-350916066833768,6.92,8.91,10.9,SAFE
2022-08-26 06:11:07.116,nrf-350916066833768,5.96,8.43,9.92,SAFE
2022-08-26 05:13:17.013,nrf-350916066833768,15.2,8.97,15.6,SAFE
2022-08-26 05:13:17.013,nrf-350916066833768,12.6,10.0,13.9,SAFE
2022-08-26 05:13:17.013,nrf-350916066833768,11.2,7.68,14.2,SAFE
2022-08-26 05:13:17.013,nrf-350916066833768,12.0,9.93,15.2,SAFE
2022-08-26 05:13:17.013,nrf-350916066833768,14.7,9.06,14.2,SAFE
2022-08-26 03:11:35.276,nrf-350916066833768,3.87,4.29,4.46,SAFE
2022-08-26 03:11:35.276,nrf-350916066833768,4.21,4.36,9.63,SAFE
2022-08-26 03:11:35.276,nrf-350916066833768,5.39,6.17,11.1,SAFE
2022-08-26 03:11:35.276,nrf-350916066833768,4.09,5.21,6.79,SAFE
2022-08-26 03:11:35.276,nrf-350916066833768,2.82,2.80,3.87,SAFE
2022-08-26 01:03:43.758,nrf-350916066833768,22.8,13.8,19.6,SAFE
2022-08-26 01:03:43.758,nrf-350916066833768,12.9,16.6,17.8,SAFE
2022-08-26 01:03:43.758,nrf-350916066833768,18.5,14.6,23.1,SAFE
2022-08-26 01:03:43.758,nrf-350916066833768,23.7,16.7,18.8,SAFE
2022-08-26 01:03:43.758,nrf-350916066833768,20.6,21.1,19.6,SAFE
2022-08-26 00:16:34.980,nrf-350916066833768,6.63,9.35,9.76,SAFE
2022-08-26 00:16:34.980,nrf-350916066833768,5.57,7.36,7.56,SAFE
2022-08-26 00:16:34.980,nrf-350916066833768,7.41,8.83,10.1,SAFE
2022-08-26 00:16:34.980,nrf-350916066833768,6.35,7.58,8.16,SAFE
2022-08-26 00:16:34.980,nrf-350916066833768,4.05,3.91,4.36,SAFE
2022-08-25 23:45:14.894,nrf-350916066833768,10.2,7.62,11.9,SAFE
2022-08-25 23:45:14.894,nrf-350916066833768,15.8,10.5,28.0,SAFE
2022-08-25 23:45:14.894,nrf-350916066833768,11.9,11.5,17.0,SAFE
2022-08-25 23:45:14.894,nrf-350916066833768,9.67,7.96,12.6,SAFE
2022-08-25 23:45:14.894,nrf-350916066833768,15.4,6.74,21.4,SAFE
2022-08-25 22:35:35.003,nrf-350916066833768,6.28,8.21,7.37,SAFE
2022-08-25 22:35:35.003,nrf-350916066833768,6.64,7.13,7.16,SAFE
2022-08-25 22:35:35.003,nrf-350916066833768,6.40,7.83,8.05,SAFE
2022-08-25 22:35:35.003,nrf-350916066833768,6.13,7.32,6.91,SAFE
2022-08-25 22:35:35.003,nrf-350916066833768,6.03,7.26,8.34,SAFE
2022-08-25 22:09:56.987,nrf-350916066833768,16.1,19.0,19.2,SAFE
2022-08-25 22:09:56.987,nrf-350916066833768,24.7,22.7,20.5,SAFE
2022-08-25 22:09:56.987,nrf-350916066833768,20.8,23.0,25.0,SAFE
2022-08-25 22:09:56.987,nrf-350916066833768,17.0,12.1,19.2,SAFE
2022-08-25 22:09:56.987,nrf-350916066833768,8.12,5.64,12.2,SAFE
2022-08-25 21:46:30.645,nrf-350916066833768,4.74,4.65,5.37,SAFE
2022-08-25 21:46:30.645,nrf-350916066833768,4.39,5.08,6.78,SAFE
2022-08-25 21:46:30.645,nrf-350916066833768,10.3,17.2,20.2,SAFE
2022-08-25 21:46:30.645,nrf-350916066833768,4.61,6.27,7.11,SAFE
2022-08-25 21:46:30.645,nrf-350916066833768,2.46,2.41,2.26,SAFE
2022-08-25 21:15:35.917,nrf-350916066833768,11.6,8.37,17.0,SAFE
2022-08-25 21:15:35.917,nrf-350916066833768,5.15,4.23,14.9,SAFE
2022-08-25 21:15:35.917,nrf-350916066833768,13.4,6.27,11.6,SAFE
2022-08-25 21:15:35.917,nrf-350916066833768,11.8,7.61,11.5,SAFE
2022-08-25 21:15:35.917,nrf-350916066833768,6.39,4.22,12.7,SAFE
2022-08-25 20:48:06.388,nrf-350916066833768,4.06,5.06,5.84,SAFE
2022-08-25 20:48:06.388,nrf-350916066833768,4.27,4.67,6.53,SAFE
2022-08-25 20:48:06.388,nrf-350916066833768,4.85,4.67,5.36,SAFE
2022-08-25 20:48:06.388,nrf-350916066833768,9.25,11.9,9.02,SAFE
2022-08-25 20:48:06.388,nrf-350916066833768,3.05,2.98,3.57,SAFE
2022-08-25 20:16:07.855,nrf-350916066833768,1.43,0.985,9.22,SAFE
2022-08-25 20:16:07.855,nrf-350916066833768,1.18,0.768,9.15,SAFE
2022-08-25 20:16:07.855,nrf-350916066833768,1.07,0.830,9.15,SAFE
2022-08-25 20:16:07.855,nrf-350916066833768,1.27,0.808,9.46,SAFE
2022-08-25 20:16:07.855,nrf-350916066833768,0.947,0.741,9.34,SAFE
2022-08-25 19:51:48.206,nrf-350916066833768,5.50,5.86,6.45,SAFE
2022-08-25 19:51:48.206,nrf-350916066833768,2.79,2.56,3.05,SAFE
2022-08-25 19:51:48.206,nrf-350916066833768,2.86,2.79,2.96,SAFE
2022-08-25 19:51:48.206,nrf-350916066833768,2.42,2.49,2.51,SAFE
2022-08-25 19:51:48.206,nrf-350916066833768,2.52,2.48,2.46,SAFE
2022-08-25 19:22:23.557,nrf-350916066833768,17.6,19.6,19.5,SAFE
2022-08-25 19:22:23.557,nrf-350916066833768,4.99,3.81,9.40,SAFE
2022-08-25 19:22:23.557,nrf-350916066833768,3.48,1.22,9.60,SAFE
2022-08-25 19:22:23.557,nrf-350916066833768,3.19,1.05,9.49,SAFE
2022-08-25 19:22:23.557,nrf-350916066833768,2.87,0.935,9.77,SAFE
2022-08-25 18:47:52.642,nrf-350916066833768,2.42,2.16,2.22,SAFE
2022-08-25 18:47:52.642,nrf-350916066833768,2.59,2.14,2.07,SAFE
2022-08-25 18:47:52.642,nrf-350916066833768,2.46,2.07,2.05,SAFE
2022-08-25 18:47:52.642,nrf-350916066833768,2.72,2.07,2.18,SAFE
2022-08-25 18:47:52.642,nrf-350916066833768,2.59,2.13,2.12,SAFE
2022-08-25 18:17:06.906,nrf-350916066833768,38.2,21.0,26.4,SAFE
2022-08-25 18:17:06.906,nrf-350916066833768,31.4,17.1,22.5,SAFE
2022-08-25 18:17:06.906,nrf-350916066833768,23.4,19.7,21.3,SAFE
2022-08-25 18:17:06.906,nrf-350916066833768,10.4,6.18,14.2,SAFE
2022-08-25 18:17:06.906,nrf-350916066833768,3.24,1.78,9.66,SAFE
2022-08-25 17:35:10.100,nrf-350916066833768,4.62,5.30,6.40,SAFE
2022-08-25 17:35:10.100,nrf-350916066833768,4.54,5.47,5.78,SAFE
2022-08-25 17:35:10.100,nrf-350916066833768,5.20,5.43,6.97,SAFE
2022-08-25 17:35:10.100,nrf-350916066833768,5.17,5.68,6.43,SAFE
2022-08-25 17:35:10.100,nrf-350916066833768,7.52,8.86,9.61,SAFE
2022-08-25 16:56:02.720,nrf-350916066833768,20.1,11.9,20.7,SAFE
2022-08-25 16:56:02.720,nrf-350916066833768,9.42,5.73,10.7,SAFE
2022-08-25 16:56:02.720,nrf-350916066833768,8.62,4.23,12.1,SAFE
2022-08-25 16:56:02.720,nrf-350916066833768,8.56,3.37,11.7,SAFE
2022-08-25 16:56:02.720,nrf-350916066833768,7.84,2.87,9.31,SAFE
2022-08-25 16:16:30.415,nrf-350916066833768,6.38,6.93,7.60,SAFE
2022-08-25 16:16:30.415,nrf-350916066833768,6.65,7.54,8.49,SAFE
2022-08-25 16:16:30.415,nrf-350916066833768,8.27,9.55,9.98,SAFE
2022-08-25 16:16:30.415,nrf-350916066833768,7.90,9.81,9.10,SAFE
2022-08-25 16:16:30.415,nrf-350916066833768,8.04,8.78,9.51,SAFE
2022-08-25 15:47:46.632,nrf-350916066833768,7.45,6.36,13.0,SAFE
2022-08-25 15:47:46.632,nrf-350916066833768,8.76,3.74,15.0,SAFE
2022-08-25 15:47:46.632,nrf-350916066833768,6.90,8.02,15.2,SAFE
2022-08-25 15:47:46.632,nrf-350916066833768,15.6,9.82,13.8,SAFE
2022-08-25 15:47:46.632,nrf-350916066833768,6.67,4.92,10.5,SAFE
2022-08-25 15:04:31.922,nrf-350916066833768,6.41,8.27,9.18,SAFE
2022-08-25 15:04:31.922,nrf-350916066833768,2.70,2.12,2.58,SAFE
2022-08-25 15:04:31.922,nrf-350916066833768,2.50,2.17,2.16,SAFE
2022-08-25 15:04:31.922,nrf-350916066833768,2.66,2.20,2.07,SAFE
2022-08-25 15:04:31.922,nrf-350916066833768,2.63,2.11,2.16,SAFE
2022-08-25 13:31:18.007,nrf-350916066833768,8.43,6.77,11.3,SAFE
2022-08-25 13:31:18.007,nrf-350916066833768,7.06,4.44,14.0,SAFE
2022-08-25 13:31:18.007,nrf-350916066833768,9.04,4.07,9.69,SAFE
2022-08-25 13:31:18.007,nrf-350916066833768,6.15,4.55,10.2,SAFE
2022-08-25 13:31:18.007,nrf-350916066833768,9.32,7.42,11.0,SAFE
2022-08-25 12:47:23.808,nrf-350916066833768,8.50,10.00,12.2,SAFE
2022-08-25 12:47:23.808,nrf-350916066833768,2.94,2.81,3.37,SAFE
2022-08-25 12:47:23.808,nrf-350916066833768,2.63,2.54,2.78,SAFE
2022-08-25 12:47:23.808,nrf-350916066833768,2.51,2.64,2.34,SAFE
2022-08-25 12:47:23.808,nrf-350916066833768,2.52,2.47,2.20,SAFE
2022-08-25 11:48:02.864,nrf-350916066833768,6.89,4.46,11.0,SAFE
2022-08-25 11:48:02.864,nrf-350916066833768,5.43,2.41,10.1,SAFE
2022-08-25 11:48:02.864,nrf-350916066833768,4.05,2.30,7.97,SAFE
2022-08-25 11:48:02.864,nrf-350916066833768,3.87,1.85,10.0,SAFE
2022-08-25 11:48:02.864,nrf-350916066833768,3.95,1.42,9.30,SAFE
2022-08-25 11:17:31.562,nrf-350916066833768,8.76,11.8,12.9,SAFE
2022-08-25 11:17:31.562,nrf-350916066833768,7.34,9.49,10.9,SAFE
2022-08-25 11:17:31.562,nrf-350916066833768,5.68,7.38,8.22,SAFE
2022-08-25 11:17:31.562,nrf-350916066833768,2.30,2.22,2.31,SAFE
2022-08-25 11:17:31.562,nrf-350916066833768,2.30,2.14,2.01,SAFE
2022-08-25 10:47:34.718,nrf-350916066833768,6.82,6.29,11.2,SAFE
2022-08-25 10:47:34.718,nrf-350916066833768,14.1,11.8,12.2,SAFE
2022-08-25 10:47:34.718,nrf-350916066833768,5.70,3.99,10.6,SAFE
2022-08-25 10:47:34.718,nrf-350916066833768,5.66,2.68,10.2,SAFE
2022-08-25 10:47:34.718,nrf-350916066833768,4.73,1.80,9.46,SAFE

